9359
-27184
15094
21866
15266
-26913
-1286
23166
-29122
13883
-14966
28946
10708
23670
22266
-21378
-23038
13359
-11978
30921
-14890
-1444
-9507
32523
647
15225
29382
-9740
-14855
-9526
-31863
-22966
5345
-18886
14720
-19606
25361
-18938
-10795
-8799
-3795
21252
-24140
-10855
-11052
8445
2997
10789
-4705
-4447
-13503
14265
-5246
-17803
-24263
9316
-13777
-21828
22703
30476
32108
-4402
-4441
30393
21414
21857
32304
17691
28826
27583
-4511
2305
-23206
32418
-16791
10467
29934
-6975
-7694
-5465
7639
17460
30586
-9122
-23948
-5119
5466
-30750
9341
-28548
31918
212
-6619
-18571
18042
32749
31261
-28736
-1606
-9783
-1405
31153
-16545
-15780
-32380
-11347
-29081
-25544
-14426
1662
-9029
21598
13727
-20460
-5180
-17347
22165
15423
-28187
-18809
6091
-7544
3075
-23205
24724
-9856
20760
21650
24966
-15778
-3843
5932
763
24335
31857
12166
-25491
-3929
-15250
-4693
26288
24057
-28827
26226
21241
30666
26692
24412
216
18827
-20042
-10163
6396
12896
29678
23486
-25303
-18001
-9845
5094
8993
8394
5542
32569
-2643
-18201
19023
3561
13101
-6900
11456
11210
-12593
-23792
6990
2775
-12069
-16139
-4306
-32173
-7573
1827
-23336
-25102
29007
16764
25008
7008
29157
-831
31696
7467
6190
-15605
-22383
-1439
31942
-7440
-28540
18443
-22153
610
-4709
-26471
2332
32420
-30881
16588
-17252
-26865
-27430
-26102
11788
-72
31219
-1993
10756
7693
-17032
-28873
-7933
30856
18025
4000
23022
-30053
-20895
-4508
-31634
3123
28982
3375
30439
14565
31168
-15469
8113
-32340
7633
18321
18677
-30906
-5249
8056
-29566
-57
-20461
-26660
3163
23378
-17334
29499
15199
-366
-15232
19078
-16800
27993
16757
-19058
26617
-32706
5312
19602
-32136
-29116
12306
25115
-26160
22336
-24608
7782
-14616
-12712
27170
29042
28458
4662
16981
-4704
8597
19595
-21115
-31221
-22604
14640
20566
27931
-26756
2065
9265
5984
-25402
-8957
-24407
-13686
-5035
8231
-17049
20401
-3546
-17576
-21708
1164
-19725
-5883
-2377
25380
-25168
383
-30316
-21948
13041
1273
-7189
7223
-18178
-31503
-14890
-22177
-10203
-26830
14099
8103
20117
24868
5692
14106
8848
30567
-32407
-15471
-2030
16845
20759
31042
32277
27633
-20278
15311
20017
22869
-20848
16760
-18863
22490
3526
12610
-6339
-25162
28220
-9815
-6372
29390
-30555
19077
19275
-25976
16048
-190
-21367
-27323
-29003
8086
1452
-2541
-27201
-15304
1391
-13260
-22826
-690
-29707
-25847
-30883
9428
-12048
22640
-21709
20565
-7887
-18976
8653
-15229
-5343
18771
-8778
-16188
15002
6968
-7666
418
-4001
-11619
26613
12389
30804
-6219
-30088
-19295
23643
12747
-1124
32525
-21792
12197
-20805
3856
27730
-23034
-24171
20656
-27236
-19924
18972
13652
-13580
-20380
13599
-25867
15812
-11684
-14658
26887
77
-12959
28630
26140
4391
10276
2094
26437
-15385
-26927
28196
14368
12975
-1183
-148
20333
-19127
-28601
-22495
18835
19652
-18595
7273
29467
-21163
10474
-27930
25395
-13833
-2045
21985
9772
3771
-11696
-22061
30716
16739
-13497
30578
-3772
-7658
-7478
29610
29995
-3577
28454
27602
29994
-21374
27883
11881
-4670
-22318
21967
3572
-5138
-1789
14460
18300
8434
-17575
-21890
-30990
26705
25643
4564
10298
23875
14923
31051
22677
-260
15117
-20770
-12855
-15727
-10300
14969
-14398
20359
20456
-25810
3913
16882
23266
-20631
21501
30585
11073
-8594
-388
17802
19168
-371
-26633
7862
27101
-4685
13117
-19763
27932
-28953
213
15707
-3266
-18482
1802
22571
698
-29144
19224
28101
-18740
-10925
26559
-12270
-26912
21563
25541
15505
22711
-18284
6258
-14394
-27123
-14096
10258
-30876
18706
-8795
-1143
-16139
2839
-22372
1396
771
-19529
1447
3939
-19615
24242
24707
-18848
7971
2209
20925
-25868
29555
-21289
-15355
29323
-17049
26784
19786
-18822
-8258
-800
24985
-32362
25922
27401
-30012
-26919
-27148
1405
-10090
15281
20795
29411
19647
-10371
25100
-15717
-4539
-6423
-29409
-6002
-11585
-29807
25535
10812
-8984
-30095
-10449
29755
-5741
4609
-25827
14248
-11343
-28751
-5096
30979
32306
-28301
-17781
-3469
7277
14541
-26435
14799
-8380
28584
8113
24593
-20671
-24252
-14399
-16100
20600
17192
6164
-16281
25809
-8722
20089
21704
-17940
12065
-11612
26826
-625
17156
29646
23614
-28796
25065
-2181
-5256
12716
20998
-17499
6733
17629
-16916
19661
18424
-10447
-32719
-32382
-2105
-3749
15991
26545
-9345
-7270
27986
-21202
9095
16255
7720
-24813
14278
-3903
31686
13365
-15868
16218
20604
-10879
-19372
-8807
-7326
-10180
-19869
15458
15622
28835
13914
25899
-8592
-5340
-15536
-31493
5021
27094
10802
-9496
-3217
-5403
14776
-9711
7254
9942
-1500
15866
-24534
17500
1916
-7693
-1924
-25248
-9275
-27103
-28116
-4285
-19712
-19084
-15807
21104
11381
-4372
10560
-2715
-25993
-26842
-12249
30148
25070
6693
-29967
-13460
12444
-23714
9961
-26200
-29772
-14817
29813
21379
-25086
-32724
5187
-10282
-20340
-17235
-23273
-16006
20917
-29338
24957
-31094
27531
-30665
-15390
-12027
-19460
27491
-16491
8890
7413
22223
23562
-4221
-24946
1754
-31523
-18098
25687
28212
32482
20714
14019
6127
17401
12892
16024
10755
14619
12384
-21756
-30668
-1410
-11508
-29915
9354
16234
-4410
-31074
21984
-12948
18424
-27781
30293
14020
-18455
-25978
2007
-5699
12068
-30524
1587
-1118
-27602
12042
-22942
-9188
30838
-8933
22831
7596
-9609
-4117
23906
-18189
-29738
-2469
-25239
-22629
-154
-14050
-15249
13202
31934
-8672
-21496
14972
15008
-5621
-727
-13705
18158
-3644
-27934
18983
4986
-13331
-30753
-326
12728
-28061
19480
-24027
-7491
31809
26269
863
5721
-11049
-15665
-27725
3162
3524
-28599
12455
-6221
20037
-2807
-23666
1882
-3106
23324
22070
-30033
19093
-20022
-21887
-30498
28446
26297
-26974
-21859
20479
15869
3817
-22222
21183
-5820
22454
6847
-6824
32663
-8292
954
18249
-1425
-22291
12771
-17140
30354
-20967
3461
-8513
13285
13704
24972
-3465
-5306
27557
1546
18796
22693
10605
-6838
15179
10782
-1556
20840
3279
12543
8532
-18590
-22881
13577
-23017
30203
-27823
20575
5140
-8386
-4397
-12809
-4121
-27743
-28306
28786
-20673
29407
30807
27626
-4569
28531
-27707
16678
20145
30961
-24770
19387
22686
-19539
-25521
14502
-32120
10038
-10388
10439
-15901
12891
18232
25441
-5356
-31786
2609
-6300
-19530
-810
-19797
13316
25889
-20618
-27711
16135
3420
8860
-16590
-21370
-9836
10068
12707
7701
-23494
18126
-20646
-28914
-18787
32197
-2433
26130
12862
18460
24611
-4568
18138
7001
16191
17804
-31673
28965
-22219
25049
28646
25038
-2690
-14672
-25453
20165
-28770
-739
15837
7456
24366
23658
9420
25
3309
-23842
-8787
-21389
-15721
-14377
23438
1662
-177
28419
-22302
5521
407
5144
21415
-5521
25651
-7475
-11858
-19946
-13407
17925
-22860
25390
-25656
672
25156
-4500
-23203
-508
-2289
-30580
-4550
-16502
-25994
-28621
17803
10828
8012
31935
12833
20002
13048
16913
-25210
8064
-18771
4012
3789
-18769
-7588
31774
-2838
4198
29753
-3864
17809
-17905
-8418
31728
21827
-18955
-7540
-27680
-6257
7726
-12359
-22981
25383
1979
-8889
31265
-15794
-17013
-1961
-14361
-13095
-17156
4605
16056
12250
-2420
-31516
5034
-28647
-947
-31092
16834
-32172
23
-18166
-4981
-16461
-12245
14229
-23900
6703
14731
-24523
22710
6013
23479
-19220
-3555
11431
7997
-17008
-20202
1245
-6629
-8933
16884
24729
-16603
-17403
31695
1042
19245
28222
-10860
-13770
-9297
-25024
20321
19713
-28316
-27796
2664
20543
-5580
-4436
29662
-9166
-29055
15772
-1861
18493
-30649
4237
7619
-10463
32610
12619
-30880
31306
-4806
13696
-23500
-10456
-21011
-6102
14423
-22313
26079
16000
26358
-27807
-415
-4530
29317
13281
30257
-8740
-29311
-2393
-21587
-24468
30088
6582
7977
-24385
-31716
12394
-3771
-12912
509
5677
-25205
-19691
-6881
32632
17318
31613
6849
2827
-14337
27255
-20851
20584
-9246
15406
21745
-32341
24058
12154
23513
2398
-20339
-22073
-10219
-27217
-10446
23498
-141
-27840
-9009
23443
15690
3458
-21288
-18300
24654
-26930
2852
-24177
16620
-15023
19959
13028
17945
-27035
-20826
16712
12526
-10460
-4200
5783
-30506
-9501
28192
1741
-11694
17230
26598
-29546
767
28448
22530
8692
18887
31114
-18464
-8819
4948
1863
21455
17908
23063
3925
6914
9479
-15399
-27000
-17554
13888
17852
27829
-4282
-29881
19380
7639
31641
5775
22033
28141
-28595
21345
6777
-2250
2160
-15060
1716
-13188
25756
6929
23346
-15094
2278
30533
21891
-29246
21089
3616
27357
16703
30982
28759
-4761
-17184
-8752
10018
-8374
-29899
-798
27327
-12372
29551
-4980
-26861
7739
19199
20411
-7026
4946
-21680
3036
-11925
-7976
9599
21929
-30628
-25198
-3241
26452
-31600
-18811
8753
10742
-1228
22215
-25949
18442
19217
32112
27449
20463
-10397
-3000
7443
26218
24912
-9605
1789
2337
-30990
-20192
-13903
24865
6719
-1654
10274
-9561
-3154
28698
18390
3356
14901
3905
32140
-21155
18655
-4485
19629
17801
-15815
-10531
-610
-27981
-13674
30588
-29721
15315
10697
-1943
19974
-20452
18664
-22686
-29087
18345
-23376
-30813
-25632
9012
-14990
-11718
-19717
-14072
-22449
-13168
-1171
11852
20944
531
12879
-7659
7298
-11021
31620
9847
13925
17120
-16834
9969
-28568
23474
29017
32579
16448
-4044
-24546
25270
-12039
-7196
-15031
-14972
18328
2739
-1399
-6184
8484
-27975
-10371
14385
29920
-10161
3971
5235
-17540
-19056
22497
-1709
-4302
-32037
3916
-31491
8189
-30997
567
-12926
-21591
5035
-6744
5512
4772
-22771
-19753
5745
14512
13855
6762
-9196
9164
13318
-6813
-11154
-18254
16800
-7561
11358
21260
-3723
-22712
22831
-27109
30090
-9721
-19274
26681
-30465
-20959
17621
14956
17274
-31295
861
-17255
22050
31926
-8785
21270
8012
29984
3461
11499
-16109
19490
944
7770
-20255
-21922
-10477
-9563
-16031
32586
-10558
9963
15183
-3848
-27397
-13707
11444
29073
20873
26559
-15993
-6361
3959
-16016
-31466
27292
2398
-7179
30073
16089
18481
18880
-1341
-28241
31689
-3908
-3950
28941
-3425
22704
25067
3285
-16921
27935
-7604
5050
-28019
-13619
12656
-12941
13273
-4497
25576
20325
-23829
16736
-28298
-30749
-14039
-22734
10215
24787
-1842
18316
15925
-29291
-3871
28493
462
-26890
-7417
-19018
16303
-667
12032
8641
11258
-15693
-9687
21618
23668
9747
-1797
-11552
-21256
14115
-20343
18710
6210
18040
-22012
3744
-26068
-1104
15816
-13197
24853
-2478
-30962
21428
25981
-30425
23286
-5996
24363
-8667
-15155
-27154
13663
21763
10094
-16518
-17664
7524
9806
-28590
27415
10580
-2526
4850
8018
14061
21006
703
-7810
4751
7985
23301
-9502
-9564
13440
-4537
14781
5051
2710
7507
-1951
27606
-29171
-11088
-18725
-25628
-17786
-26289
-16981
-10687
11506
20091
-19287
16182
-28552
-7221
-27387
-27325
22091
14957
-304
13521
-7855
-19251
398
30388
-32011
16028
-15822
30959
-12059
31041
-16460
-8650
7807
2749
-13964
-13270
-4922
29746
-27570
7268
30259
32453
21256
21003
-9143
-8734
8828
-17191
19957
-31465
32031
21588
-28545
20823
11687
28407
-19922
12190
-28910
8117
3012
2164
20593
-17657
19479
-28056
3282
-19827
25582
-22090
-6231
1684
7504
30158
-8552
31507
-2474
8685
11541
-24939
-25676
-18803
16782
-6746
1255
31410
8360
16227
25110
-31230
4703
-16717
9170
-26671
-16206
-5794
17915
-31010
-6969
31282
19158
-14904
-24452
-14733
32138
26837
-5561
5004
-17570
-22754
-12806
9929
-1166
-27468
-15804
28706
-4642
5251
4562
22842
-13589
-29436
-8544
-22264
-14979
-30127
-21540
-6150
5996
4761
-28928
-17235
-6963
3388
6266
-18065
-12832
19738
20282
13496
-14302
-17470
6288
13441
23037
26035
8428
-32492
-2673
11274
30819
28091
529
12248
-23857
6645
-21273
-20022
5682
-2660
2985
24383
23911
-29206
26692
31894
-23159
-32480
5713
-22494
-11564
-14294
1694
8511
-2034
-27604
-20440
32232
23131
12281
-8468
3719
-2973
-28198
-17481
-1491
17682
-900
-12499
-20227
19640
28411
11762
17491
-28591
-4028
1353
30086
31933
29624
-17760
32351
-20173
-13862
5154
27943
26476
28161
-4447
-14635
-6475
11400
-18763
18747
-17088
3004
14077
-2603
-6212
-19685
22258
-5462
32502
1806
18823
-26390
-30487
-25988
-1410
9549
-5772
30299
6794
30175
4959
-2281
938
-25910
-24126
7240
2515
-23740
-19707
-24025
-13911
10597
-21770
14268
-21870
-4643
22022
28505
2228
32367
-29740
21466
27049
-11463
735
31918
-15408
31018
-32546
-6152
12561
13213
6689
-18781
-14455
1706
21417
-6122
25714
-28124
-9387
27948
23414
15429
-14781
-9062
23259
-13048
-15768
9247
-18779
-10127
-13211
5793
-22935
15013
25159
7802
-15506
7773
-19905
10751
25652
-27866
16979
-20676
-21960
3781
-28396
16934
3198
12746
3995
17346
27626
20251
-10264
-16378
17028
-16876
-20027
25719
23590
-28149
1154
-20642
-9361
-30195
-9359
-21545
23016
551
-22952
15744
20275
5845
-11062
-14430
16093
31430
-5959
-15420
-11575
11719
15628
-2777
23283
-28456
-5979
16057
-18345
21565
-18221
-27041
17493
28385
-28193
17181
-5591
-1006
6392
26362
10098
20934
-14871
-9164
19790
-26318
-13321
-22889
5879
2029
29690
26476
-12763
10001
-7229
-11187
-23503
27050
-16070
-4322
-25995
16174
10160
-11486
-17705
1939
14265
28498
14506
18904
20161
24621
30833
-31356
17999
-28194
-31174
-20997
31756
-19751
16724
13179
27718
25847
-17836
8938
23662
-20368
-25024
-19427
-5530
-26549
-22376
6140
12036
26477
-25057
-21836
26761
5762
22601
27888
-5418
-2307
24612
-10632
-5519
-28098
12250
3514
25215
27863
-24886
-15022
10090
5659
-21481
26257
27871
-24494
8197
25363
21270
13426
6275
-13288
-23655
-4750
-23997
13643
18385
-14828
-32756
21110
31604
27322
12747
-19499
-32535
13293
-2762
3886
1699
20921
-23005
6856
-3238
7194
-2002
30534
-31953
1359
-2526
15480
28282
-10330
25625
-10291
-28443
-26497
15357
17616
-23761
-6864
31467
8106
20702
-20116
167
-4004
-6695
4577
26071
2976
-18359
21774
-20103
-4361
-17210
22580
19624
6730
-31619
-10674
-21132
9556
7942
13484
13675
18972
-26207
24455
16354
-24859
28361
-14958
-21615
-14797
-9384
15825
8182
-24882
15872
-6368
23615
-30800
17659
4116
8822
6831
-12903
-27559
-19881
21724
-6197
-30231
27982
10982
-23547
-2728
-18362
-12004
371
13279
-27819
10093
1274
23047
22463
17950
-17938
431
8954
-28184
-480
6698
-18756
-2687
-23983
23565
30953
29948
-363
14261
30231
-27708
16935
-21439
3428
-6767
-23704
7054
-5701
11209
16279
24009
1432
-29957
26275
31450
-4123
-10717
17500
9072
-23794
-9107
15626
-9981
18469
14188
12564
21049
-13600
-7471
-6025
23965
-28978
-26026
10394
27625
9742
-301
6173
-6303
23629
-22029
-24588
-5765
3561
26403
6916
-24103
18627
2634
-28359
-27731
-24863
-12005
1723
-4251
13347
-13399
7785
19414
-31323
20616
-7166
16031
10808
-1638
-15053
-10197
27277
11362
17867
29465
5392
751
25105
-22356
-18655
23303
26974
1326
-3320
19622
-21650
26008
703
32077
-13876
-26691
-10365
-30336
-17646
25126
-11227
3144
-30220
-31740
-19563
-21425
10240
12483
-19999
-10573
23776
23615
31696
-18352
1254
22901
-14777
28146
-22767
-12592
-10233
5680
17662
22655
-21780
15371
-25270
32565
-115
13095
995
-28264
27871
-3501
-19697
30451
17162
-4810
24435
-28660
1030
-17710
-5278
-17742
-3020
31118
-18380
-5672
-9143
-32035
12537
25452
9478
-19496
-20297
20041
-11101
22623
-25472
-26289
-22341
-24461
31369
-2524
8359
-20985
2032
-20676
14677
-18674
-4199
-3751
32642
3398
25668
-24456
-68
11723
27137
-18093
2585
-9690
-30908
-23842
-20319
5071
17077
4149
6363
-32650
20435
-28664
2099
12529
-2078
-3523
27252
-5740
20038
-27311
-6797
-15207
-10779
30236
29649
20180
-787
-7211
-21625
-14758
-27335
25669
12320
17751
30582
8082
-12869
21091
-11905
-10115
-28877
-7883
32493
-11337
11902
-7315
-19428
-4955
-11653
22596
-1845
26100
-4592
-28523
-23503
-20371
-21557
5912
26697
11385
-17322
12896
2398
10287
6411
30939
13417
-27645
6391
11558
25069
-23923
18034
25442
-2064
-27876
-9573
-22452
-9499
-29670
-3354
21699
23035
9172
-2752
10813
5315
-1101
21485
-13138
19240
434
-18711
27959
17668
2987
2074
7589
-30420
-17314
3765
2391
-27706
15174
-27917
14992
17019
-17162
2088
-22418
-13057
-18596
27763
-2344
11738
17806
12349
28957
1080
15752
-26169
-12483
-8944
19732
-8192
-32621
23803
-18425
141
-20725
17911
26561
24255
3127
7334
-2619
-30683
20883
17774
32762
12807
20847
-21720
-27347
28368
12979
-10770
-11363
28069
-2380
-6509
25734
15962
23722
9951
-32737
-17318
-15937
20610
-22106
-17829
-28683
26899
-22939
5206
-6916
627
-21394
-14878
-5549
-26666
-13555
-15939
-14987
-10719
-29621
30578
-20133
13793
-31121
-28218
30729
930
8839
20367
-17479
-20023
-19288
-28488
-16116
24281
28685
23200
-6184
-26470
-23150
31417
23296
-27873
24716
18197
-13342
-16878
13112
-2075
-18468
-4439
15497
-10648
6717
-30857
3674
7483
660
12823
24777
-19736
-13530
20535
8378
7718
-22212
1856
-3666
-705
-9867
-2098
27516
7464
-12651
27438
-14951
29184
-6692
-10746
-3078
-10959
-28540
-10878
24207
-26754
-4795
22857
-3069
9704
-11821
-21517
-18574
10805
15268
-9247
12613
2944
-6899
2296
-27241
16709
-14452
-21175
19972
18147
17283
-19612
10853
-19999
29953
14222
-4255
416
-26066
21654
13064
-22385
30047
-32610
-21434
-29570
16405
-22723
17173
6694
9699
303
28219
-12951
-24768
25408
32147
22894
11043
3635
-839
811
30346
8298
-14789
-11955
12788
16874
21058
10188
8294
11998
21298
22947
-16233
21010
1746
-12615
15754
-28537
31134
-4140
217
-24232
-2267
20137
-15723
-21848
271
20090
-7129
16872
19587
-7487
28607
-13784
-12744
-9979
-32317
-24655
-8751
-30869
21625
6294
6223
4698
-11802
-30875
1667
-19065
-27598
1904
21866
-16262
-6598
-29641
-29286
23288
-1589
-24193
28189
25515
-26581
-13589
11002
-8287
5218
7207
-7085
2615
-18204
27132
-4519
3899
-30537
-12543
7071
-25814
-16049
-23100
29712
27224
-20513
20454
-32696
-7029
-32232
14290
-23578
-4804
20573
15865
-32253
7233
11351
28410
24555
-22475
2483
-8854
16564
27559
-14802
30258
29160
18172
15896
-22360
13920
29781
-11886
7734
-12470
31778
12225
-14365
25032
22327
31361
-25091
-14137
29003
28963
-29442
-10736
-15226
18079
14040
27799
20164
-13555
-22629
-10781
-7820
17310
-23599
21556
-15130
7717
10977
468
-9241
-31378
11207
-23990
11033
-4080
28500
-9434
26126
-7376
-27037
-13570
12751
32199
-15580
11061
17560
-21486
-5101
4668
20617
15201
3284
-8488
13861
-4544
-13109
2506
-18132
-19633
-2778
-22330
5985
24668
10801
-23633
25212
-13805
25804
12847
-31545
-12822
1503
18101
-20367
-19338
6853
-31500
-31450
12675
-19835
-21020
-26714
-573
-20259
-12054
1458
4473
-21123
-9195
-1386
-16123
-5764
-20434
-12653
23820
-179
-19910
19851
9976
-18371
13062
2552
18321
11785
-7571
-1483
-28587
19455
-21173
24961
31902
-27330
-28022
24951
11975
28307
-7462
-8307
-28679
20825
-29654
-21020
-10819
11550
-17629
5501
11746
-22158
-4949
-22407
-10322
-1915
-4255
-17804
10883
-6492
-10971
20420
16234
20425
11121
15307
-4735
-13056
-25995
-18209
9792
-31331
29848
22953
-6828
1784
2763
18475
969
28136
-20377
-9938
-20510
-4864
20031
11183
16186
-21299
29754
8500
26667
16150
8141
-26809
-20487
-25955
15999
3322
-4199
-11639
31642
25751
3559
16851
32428
-17555
16039
2719
-14858
-17110
205
-14370
-18760
-2219
-257
-23883
-24515
-13635
-12528
6700
18199
-20528
-19913
22137
28073
-19434
30403
-3085
1311
6221
-21397
-8550
12514
-17689
19196
-21540
-17571
13425
-18745
13198
-4819
-23901
5776
11021
-19242
7752
15818
-7342
26913
8067
692
2980
-12919
17856
-26782
22212
-17840
13463
18653
-776
-14481
24837
31049
-5645
-18086
13287
703
149
4028
-15492
26529
6405
26215
-29441
31313
9703
-11901
-2794
-17338
-30826
-19353
21935
-31175
-5853
-8089
-13604
1513
30520
6433
-7681
7061
-18835
-21014
-10848
24259
-21164
-15907
-15426
-6769
22118
26935
12298
-1823
-4677
17925
7936
8528
18419
-3203
12752
-4111
-22461
-10348
776
7015
27414
-14270
-4509
-13034
12051
6460
17255
-1067
-7918
2797
30624
8516
24196
-22683
-10601
14161
-9431
-6741
-8773
21747
13964
749
-15516
-16590
28782
15995
-13882
24587
-25065
-24792
-4813
11478
30608
25636
-3690
-15585
-13719
-14145
-8201
22496
602
-23638
-3076
-7691
-212
5965
1692
-16031
31529
11348
-26228
-15965
-23836
-11872
26388
19978
16025
23973
31592
12525
32301
-5663
12350
-13140
-27529
19981
-7884
12559
-516
9329
28455
11251
-13077
-32657
27340
29272
16604
15225
-7964
21916
-10394
-26742
4056
28830
7477
-6556
-31145
-32323
-4533
17218
-9370
16373
21450
-10625
18076
29727
-13891
-24248
-30209
-23731
-19352
-21003
-11266
21924
-12385
28127
22329
31596
-26077
18015
-32295
24966
15468
22522
29103
22773
19989
21987
-3993
18108
-2305
2192
5393
2660
-18942
15420
294
-29817
-1789
-16229
1867
19725
-2453
29007
4568
27187
14718
24703
21642
22149
-30486
-31040
28415
-1951
-1503
17441
7995
-9378
1790
-13429
-1062
-23730
-958
1745
28684
-19832
2059
-12178
19228
31137
19704
-22869
1513
-20317
-29498
-29565
7147
16097
19882
20657
9727
24805
-15303
-21851
31971
11558
5169
13866
-27579
16614
7983
18064
-29328
13671
8490
22341
-6347
1651
30000
-9410
-20414
-2263
14195
21959
25883
-28900
-32711
2518
-1403
-26861
-11303
-30645
20184
-14283
-15152
7152
29460
30556
-13988
-30548
-27248
23295
11752
23926
-13845
-1562
16519
21290
12943
29333
-14510
-32012
-31308
26460
-13741
-7675
-22562
-32480
-26236
-9624
18886
-15767
21556
-20172
-4694
-14456
-15505
-20031
23760
-19328
-31863
-4322
-28313
-24623
-2666
2662
27127
-17419
-276
5058
-8342
3868
14787
22961
30215
-6767
30441
23345
-21052
-1683
-7834
-30725
-9230
-21023
1297
3893
29624
42
18219
11657
1369
-20177
13546
19473
-2933
-32181
19444
-7840
-26997
9339
16914
-29260
1570
-6474
8113
-7152
-11822
-26448
27236
-30378
1708
-21821
24416
29277
3986
31686
-15870
-12848
-13886
-27683
8765
-15117
30702
-26258
-28478
12835
-5191
8402
18886
11108
20431
7336
-8895
-2056
-18035
3678
20919
25865
-19969
21311
-16224
-6564
-26799
30748
8206
17886
18323
20427
-15932
-28925
23848
-6562
21767
14347
32720
14336
31410
3159
7244
-30405
6944
499
-30789
25044
-605
-11831
1223
-11160
-30486
5692
16577
-9085
-25883
11618
-11142
-15474
6116
25546
18255
-9070
-1290
17629
11191
26088
-9930
-9667
10301
10333
-26246
-25581
-30406
-27853
-5955
13196
-32280
-26943
-43
-32279
-9312
28217
30476
-20681
12717
23880
-2776
-23329
17010
12158
-15907
-32096
-18952
-3055
20904
26383
9514
-28211
-7877
17782
-15479
-23784
506
-549
-14068
12333
21870
4463
-15495
-26663
31593
-20714
-18557
4991
-30939
-30193
3077
-17890
8148
-3106
24754
-7809
-18954
-993
-19197
-24207
9047
20691
3265
4037
1080
6243
-18365
15073
-23630
28736
12310
-11810
-11489
11485
-20178
21454
-4952
-16368
21598
6316
-25538
-9971
-31497
-25227
21329
27046
-31110
-5817
13017
-10379
1390
12429
14677
-15209
26044
-26589
-24163
-24522
-5456
26504
17603
-30589
30060
-5102
-13532
-22292
-4154
-24947
-10039
-9319
-27459
15104
24322
17679
-27129
-30849
-5262
23788
16431
-25960
12241
23712
29852
-22313
4836
-8210
-29532
21436
-29830
7403
12398
-18462
19096
-8476
-23095
20176
17567
8534
7165
-1622
-22086
-6033
28781
30649
-20953
29062
-1046
3334
4811
3893
10220
-6093
14384
20831
21446
26531
28484
14349
14560
-28832
19938
4359
25689
-482
-15629
13918
29110
3080
29547
-23779
19805
30647
-32709
29357
-1819
-3097
25481
-3479
-13471
25945
15688
-27071
25597
-31528
-824
-30729
-7724
-14140
-19891
-31898
-31112
7115
12726
-15709
-15440
-31252
-11107
-16513
3881
-14550
6271
6905
16281
-10967
-17141
20219
4749
-30047
-31569
14978
-9940
-1722
-17222
-5580
26530
7354
2088
-476
-3854
-23346
28019
-9977
14484
29308
10050
-25389
916
22004
-25817
2247
-17872
635
-19228
11482
-19954
21749
32533
1468
-13828
-28875
-16497
22919
17910
-13930
-5124
31899
26140
-18882
-32321
-24602
-8621
10440
-19907
12395
14661
-20980
30151
-952
-17763
31427
30895
-6255
-26860
22070
-25216
9157
-5031
-27473
21349
12334
21695
31646
-6698
-3047
-15684
-31144
-24258
18284
-21161
3968
23746
17410
4423
-13627
11747
21039
32474
-22385
-9347
-24636
19711
-3520
13861
-14522
-3004
24903
30189
20730
27639
-9004
7973
10131
4606
21271
12219
-13024
30718
5556
4800
24448
-24715
-15156
23274
7892
-22815
-21964
-3347
1413
-19603
-24629
31416
-31227
-9639
29739
11387
-29415
384
4335
-23714
17849
-29221
-29125
-406
1323
-20737
-29814
26724
-28596
-8548
4046
24383
-28182
-770
-23071
-28668
8657
-13426
8124
10900
-941
9648
2431
32678
-4660
6812
21317
-10994
4149
23928
4716
-11743
-21315
-366
-3164
-23030
8756
13576
7419
-27493
9123
-9398
11575
-13182
23662
27980
-14720
21301
15928
-7809
26698
-1445
-17896
19826
12432
31371
-10792
-14108
-4172
-16585
6631
29413
-21248
16613
-2775
13588
-26673
18312
6128
8532
18918
-8191
28651
-11573
-29485
16061
-21448
4779
26263
-31703
9545
-21133
17591
-23942
1396
18199
29350
-29353
-789
-18025
-20610
15681
-22842
21766
-32747
11507
-15797
26710
-14980
-10633
-16286
-14628
-14456
-11633
13774
9760
-9970
28732
15717
-9822
-11940
8481
18500
19413
2625
12664
-15252
21986
11523
12095
7741
21442
-31014
12184
-22384
22299
-1643
18761
32030
13940
-30870
7994
-12926
-24504
-26096
31483
5771
-15031
19910
-30524
17027
7077
-7912
-14931
22634
17818
20010
16569
-8581
32016
31974
-14221
15583
-10856
12153
26384
-24008
3173
-5058
-11559
6737
-31406
-22438
-2012
-18897
14417
-3982
12253
29538
-22075
11495
-17148
-19556
9665
-1185
32429
18170
15130
26033
2699
12425
-32738
16272
21204
24636
-21913
22713
-29416
30082
18466
-5423
-12238
-9869
-20549
19700
686
-7893
-9773
-12947
13144
-28052
-9195
18839
-700
1096
-14321
-27921
-25968
-17716
26519
26135
-20014
8670
24985
4671
2130
-18834
8343
-6696
-8800
26590
7572
-14322
26748
29461
4728
3521
-28401
-2764
-19598
-3134
11435
26208
-3847
-26901
-9660
21357
-1397
-9592
-9691
-17496
18000
9370
-2784
28359
-25972
21045
8009
-31267
5793
22789
-1209
-15901
-24570
-26955
-11891
4390
-23687
-3915
27619
-9974
3764
-6607
790
-32518
17103
-4257
23357
-25365
-397
15124
14126
30119
4741
-13948
32739
-20609
3764
-7346
7929
13102
760
14993
26929
16766
-8853
-22139
-6387
-20994
-2483
1748
22726
-19601
-4061
-6278
-24025
6342
10883
-1404
-4734
-7295
-24442
-31527
-20649
-19040
18295
-28924
-11382
-16462
8343
-20212
20128
30196
28890
-9227
24330
31553
14499
27841
32570
-18152
13626
27036
-21721
-5343
-13131
-1443
9269
21728
-29028
-19685
31423
-10476
4730
29424
-27021
-29635
8293
-26971
-20441
30572
7775
1597
-13696
948
11145
-15026
-13700
-13479
-13670
22877
30858
-16664
14942
-27873
16221
