22815
7229
7783
32105
5269
689
-11292
-832
29082
-19919
28592
14617
25360
-6287
29911
26956
-28446
19275
-8139
-6872
-23981
15940
-25545
-31709
30446
-27677
2448
23586
20947
13406
-1509
14224
12945
11763
-24593
-20661
31012
2474
-10337
-23362
8139
-1209
-32421
13965
-18824
-27445
10418
-14352
-24737
10908
-14561
-1512
-17698
29772
17549
-343
-2904
28681
10904
-16706
19031
-32379
-27111
-7348
31349
-2989
2017
-17753
25550
-29072
-1781
-29188
-7358
-27254
-27921
-6442
6249
5016
-23083
15204
17719
-32656
11964
15857
-15184
22751
16960
21809
31524
-5225
-10679
-32555
-15334
-13300
3623
-3592
18956
6316
-4888
17046
30161
-26018
-19734
-30406
-4531
29256
-18483
22574
-246
-19703
7811
-12936
-22046
19817
-7838
18993
377
-14143
-545
18091
3987
27772
13356
-11548
30655
12297
10214
-27340
31381
30767
-16117
-28587
4207
-20768
16390
-22729
-26603
-20334
23883
10971
29804
-4754
-19192
-7357
3225
-22374
26053
-29162
6364
-6827
26992
25862
20963
-19333
14136
-8789
-3875
-3578
11362
21057
9552
-3446
2232
-13272
21735
24394
25861
18251
18597
29992
14746
-2160
-9228
8105
29900
-14657
-8677
-8392
-8564
15452
-17081
-20068
-7533
-32641
-2902
-17601
24602
-30230
-21329
10503
20701
9126
9086
31682
-11681
13917
9337
31584
337
-12686
-7457
-5815
-10847
10286
279
-28541
-28990
1878
-3908
27853
12008
28869
80
23976
-857
-9564
-17708
-11122
-7186
32672
-21897
7281
2711
-32315
3678
9810
-10993
-24187
-8294
20643
6700
18129
3743
-10074
15578
340
15564
-15692
21903
17980
-3572
16055
-11107
-5735
-4834
5049
-16499
9687
18595
4823
-6240
-22065
-26379
17271
-3790
-16704
-16176
-12390
15846
21361
10732
19026
29909
-30293
-1632
23121
15947
-19233
-18540
1112
-30461
-30001
-5944
22981
29732
-29825
31662
-31702
-14843
4146
7933
20016
-16964
20748
-6423
-14681
21188
-3062
-20276
-32062
25538
-31871
-25165
5037
5772
-28504
-11682
-8924
-15347
-31960
21813
32737
-27338
-21367
-25677
-16695
9835
-4691
-31732
24896
-5425
13230
4473
-28861
18175
-1902
-15598
22871
-3000
15772
-6058
12314
22981
-229
-10953
-6133
17554
-8476
28071
-13371
-785
-19894
-21609
-11045
1589
-24653
28277
-14414
-8056
14109
5364
-20277
14166
-8074
-10583
-19903
5072
-20632
-25551
16050
12010
-30066
-12755
-11323
-7469
-18404
9374
617
1062
-15072
-28591
431
-8421
-13565
30535
16742
-24190
23283
-28398
16969
-31884
27168
-2031
4343
-17833
-8966
-12247
-30837
-22007
-17355
-24314
17577
29082
4792
-30446
-5344
-27452
30907
12558
-15945
-6792
-11237
-7416
15991
25263
-27116
12048
15843
-18662
17065
24315
-8808
-6886
-29339
-22052
-12741
-9578
-19811
11834
17439
-31413
-14406
-16304
1660
18697
-13487
-59
-19785
16689
31402
29016
30421
-3320
-9065
7876
24020
21936
-25539
11522
-23516
23212
-22192
-30681
-23531
6086
22478
16595
31968
-31706
28128
-28095
17405
-12104
-17738
22319
24428
-27254
-14997
-9979
-30903
-23628
-29937
-18108
5966
8375
-4270
24146
-4868
-18214
-22978
-25183
5778
26896
5703
-13002
12819
20588
-24826
-18748
-32134
11831
5053
-30630
-19280
24818
16917
-14009
-27319
19233
17325
-1133
-31336
14798
-20177
-21115
19186
-23299
-8947
1250
-20809
17491
-17194
-102
-10564
2386
16558
-18700
10271
25113
-5470
-12448
-32505
-25027
-3642
5423
27991
15602
-17897
12174
927
8267
-12084
29137
30110
5877
-12169
30164
32003
-286
-18809
-31669
19426
6775
22330
30807
3890
4275
-21798
-13282
335
10764
-15418
30782
3192
31677
-27800
-20379
32082
12425
10245
-21228
-17764
24371
-7275
2151
19865
28931
32345
-20999
22721
6216
13182
-27658
-30223
-22224
3378
31603
-924
-5234
4845
-11401
-16611
17797
23758
24918
-28996
-8550
-32277
28713
-3713
-26870
-32681
-29205
2884
15641
27283
8559
9623
-1336
25217
-18516
18794
-26047
-20548
16161
785
-18080
7251
31481
451
27087
-31045
11331
-10780
-4548
-15962
27944
-14491
-14332
20979
-25
29733
-21368
9238
-7752
28801
-12093
14571
22058
24794
20690
17218
31228
31296
-28357
20234
7738
-26151
-30502
-31707
-10281
-17638
9738
18286
-27726
16441
11274
-26655
23797
11711
-25793
14194
-18604
-16765
7506
-11403
-10437
20570
-27359
26292
32727
8865
4371
18395
18493
22146
30873
-7953
29334
21137
13731
-25356
-29763
-18501
7780
31910
26093
-18042
29078
-8540
12796
23535
-3317
15824
-21280
18889
-13249
28744
-8908
17935
25920
4908
14262
20012
17210
22412
21593
-2416
2171
-28567
-25972
-15247
3925
18725
-4232
18208
-26652
22575
-21085
-16415
-32680
-29009
11645
-3692
-21974
13391
26807
-8266
17415
-1677
23966
11488
-21407
7573
22280
1723
9351
6549
-32656
-32331
-25516
-12254
24596
21601
-20862
25959
-28215
15544
22642
22856
-10976
28777
-13184
-7999
20665
20596
9382
10798
4785
6206
-15203
-18075
27258
-8206
-11068
9518
30476
12175
12859
30007
-27424
24657
3947
-3878
-2998
4168
2397
12048
-16016
25675
-1190
16177
-10420
23191
10847
12901
23790
27977
-7844
28333
-6732
-17639
18197
-18352
6816
31448
8536
2360
-28930
-27623
-10644
4529
-30795
-6852
20728
-31917
20891
8835
1074
-23906
-29395
-14619
16889
2346
-17692
16873
-16772
-29187
-21342
28714
10512
4365
-2250
-31108
-21597
-24846
-32593
-22654
11057
26865
-24106
-7939
2005
-22083
-18512
-22756
-11667
10165
23297
32339
-20286
-26524
-15425
-30312
9642
30324
-14677
-10655
-5679
25945
-30024
9304
-26922
24716
-10090
18774
4220
10741
-27083
5185
32265
-9115
-6084
-27684
-2619
-27181
-15471
1519
27261
-32636
-4394
22262
-14272
-1279
-3097
-6000
-1273
1614
32417
-21754
1440
-21415
-17389
5393
-17459
-27757
32620
1947
26801
31139
27472
18783
-3872
-22645
-14097
-13961
11783
13488
30185
19751
3316
13125
7510
-8110
-19192
11466
5019
22389
29990
-30712
-20030
18232
-11544
-17454
139
-3479
-24426
-1005
23056
18325
-2620
-26458
-21792
-21274
-5044
-26303
-5456
-8561
12410
-23819
-22013
6603
-23099
-12877
26819
-3002
22054
5693
17415
12726
19314
-19123
8559
-17308
27094
32301
11364
-6441
-8207
-13901
-16535
-23683
25182
19033
-14457
19633
-263
28090
-19393
-4127
-3795
-19070
32235
-5915
-22415
-11222
-7347
-3674
26251
-14488
-20126
-24948
-7452
15805
-12657
-19811
-22810
-2276
-2231
-776
-11106
-21198
31808
-22950
-7765
14816
26269
4453
-3160
19621
-13221
-9680
1618
9289
-20211
-12376
18993
-3871
-8805
23247
18790
19227
9374
-25069
-16228
-20568
-30598
10191
-22564
-11156
-5829
22130
26276
-26799
5707
-4669
11107
-3376
28875
-15477
-10983
-8896
-26171
-17862
5176
-20909
-27221
4288
-14178
-2920
-8985
25687
3063
-17671
30538
-28259
18314
-16836
-11500
22046
-1077
28028
-6092
24233
-30484
-18224
-22520
-6535
-14024
-23432
10307
-10528
4597
20299
15555
4928
-30148
31208
-12626
-9109
-25697
-4081
2064
-24117
31614
23963
-14303
533
-2767
4415
-19173
7058
14988
5595
3342
-9964
16882
-32146
19080
-17095
11714
-31784
-7749
-29353
-14016
29063
20605
29054
-10294
-1085
-17705
-5143
22126
19451
31369
15270
-9532
-3095
6047
22595
-7794
32267
-2737
-31595
6249
11252
-14283
-31356
-27774
-23316
-14138
8506
-15763
1616
-9234
29773
-20106
-26803
31401
961
-26830
6121
-1818
19844
-21194
-11973
-25540
12267
22127
1979
-1992
27694
-22451
1895
25998
-14567
-31500
-30468
6465
-25751
-23545
28406
10062
-2082
-21370
20801
19177
18766
-20115
-21519
21640
11591
13516
-7214
-6246
-31518
24244
26511
27905
-11845
-7257
-18376
14748
30997
-19410
-27795
-5310
22344
-32694
-32333
-29362
12415
-13730
2168
-25605
-2750
7351
-29753
-25610
-19691
27673
-4827
14169
4434
18801
14410
-23116
2084
-16236
-26009
-32641
-27123
17466
-893
-7771
31288
-20496
-11471
4480
-6605
-934
2318
-17756
-26995
-24249
14042
30365
31822
-1674
18042
-182
6756
-7262
-17496
15452
4897
-9212
21376
-28172
-8150
31282
-22564
17539
22069
23376
12826
26435
10967
31147
-1884
-5397
-951
9244
-7815
21122
23220
-31871
18781
-10328
28690
-15924
24388
29228
3321
5281
-18372
15570
22005
429
-5389
13542
-11637
-21575
-11887
-9543
-9804
11997
-2784
-1430
1587
7654
-31609
-6331
22596
15960
-1529
-7009
-3968
29746
20288
-629
-14667
12532
-5589
18859
-16363
18978
-15458
20986
15629
-24517
-25651
20507
-23615
21226
-6074
19213
-19831
19488
-1293
-10899
18314
20990
-18534
-21940
6838
-28571
18082
24891
-21273
27412
6084
20021
27448
3082
-367
22646
-3705
-29217
-367
-21780
-27561
31619
-26672
-8425
-6006
15195
-837
-7957
-32502
90
22499
18299
-27167
-27445
28004
-17727
3660
5412
10180
9551
12478
18020
12839
5335
22809
-15543
-31057
12234
-5091
-479
-13868
-24416
-17673
-21031
2118
18578
-2650
-4826
8273
-19104
-11785
-22729
31393
-3468
-10543
-32457
-10673
-8349
-13895
19507
12447
10461
-29616
-11107
28075
8091
-5678
28729
5307
8425
11114
-11931
14810
-18974
-27757
8433
27573
10326
-8233
7847
-24093
14061
-3569
8879
-9352
28168
-32763
25084
-31887
24844
-21989
-29192
10353
-27941
-10029
-32592
-22927
-30657
-30136
5074
10990
15634
28748
28053
11192
-11919
17686
-25889
31163
-24947
-1061
-25603
27625
-3389
4588
-27467
19670
-6702
-10692
-10766
9534
-16334
28776
9188
5756
13160
5751
26474
-17683
-26249
-2806
-21697
21289
21893
-15819
29710
27399
-26098
29251
-23544
22938
-21803
-8589
10285
-14581
-14030
27964
32733
10957
-831
-8649
11325
8956
13858
-18703
16134
16895
31973
19662
-18676
-16248
30004
10536
8263
25772
31619
12070
-14149
-5893
-2439
-22324
-693
29329
-9405
9121
-28774
-29826
23778
4897
28070
-13741
-23161
9035
-32203
-13579
-32073
-25370
24750
12858
-2780
-5488
-18731
-6140
-27905
25486
9123
30391
-74
8094
27770
-3828
-29327
-5930
-5785
27617
12649
30114
492
-3535
26808
-14041
485
9396
4382
-10632
29687
23210
-3713
458
-26141
11886
24205
31647
19793
-24033
-22320
3433
-19477
-24715
29980
-10866
2285
29203
-14921
-5475
-5346
11464
7280
-17102
-25089
-13340
912
-19366
18906
28452
22637
-28610
-9218
21273
-8972
10334
27793
-15833
14649
19097
31397
-24679
32001
14840
-18141
14695
-11064
-10978
-16862
-8099
14837
29985
15058
23688
-18193
30311
-21988
-22185
-5803
1223
4805
-19516
-8614
28984
25386
-7576
-13353
6678
-20812
10173
-7199
3489
13927
-11980
-26549
15483
-315
-22667
13279
-15406
3214
14050
2771
6564
1448
-25184
21132
15277
25301
9399
-19272
-21884
-27111
-13116
-7690
26922
18097
-31080
-31513
-23090
-12685
-29530
-18559
4084
-9687
-6226
24715
10291
-10352
21815
24656
-14742
-7740
5906
1571
9770
12964
-26001
8225
-32222
19989
-3461
2727
-28934
7295
-23396
-16088
-21209
-9174
-26056
28954
-11251
27285
26606
-16281
23764
-11830
11320
-28867
20574
-10683
1707
16843
15963
27688
24434
17702
-32245
-16135
19801
-20752
-26684
7395
16467
-32264
19108
14285
-15349
13648
27012
4058
8696
-20334
4760
6562
3259
-17070
-16255
29891
14782
24990
18494
-12892
1064
10640
-9660
11155
-28482
8475
-17476
-26639
-16634
-18074
-26118
-5247
-11362
3756
5526
2321
-3118
29362
10347
24571
11577
3924
-20833
7158
-10496
-21245
-17208
-24254
20517
-15450
-25362
-12180
9453
10463
2809
20923
26051
13122
23639
11006
-10163
-8702
8828
-14889
-240
-26066
17692
-7564
-17231
10303
-19150
-10619
18121
-27149
-27534
-3792
17405
-12742
-13116
-4455
16044
19001
-13339
-20129
59
-4345
-18770
5090
8756
21724
26991
-17684
10437
17532
2271
-21281
-11583
27834
3191
17020
-6296
18230
19438
-16793
28138
-22743
9312
-20337
9459
-24649
6861
29183
5267
5242
3735
31941
-27984
-29469
31752
26440
17365
7976
20170
-13199
-11118
20309
-17517
25768
-24718
-19620
-24293
-1315
-842
215
-26378
-15766
25052
-5364
32534
-31511
-21280
-8135
17705
9669
-8474
-25694
-1480
26431
878
-8331
-32346
299
10726
-27494
-12202
13233
22256
9160
16488
13309
-2590
28368
28584
12993
15012
18018
5986
-29360
-8669
-6051
16112
-28420
-5574
29055
-15763
4601
29569
-17188
-27886
31568
-6612
10884
27528
22221
29608
-21206
-28494
17081
-4746
25365
10256
-18017
22829
31871
12800
22676
13798
18712
-6198
-30249
27951
-6693
-26414
-18551
-29732
5809
-20296
-23516
23305
-31243
22343
26167
18370
25158
-7891
7533
-90
-11960
-12535
7655
1405
28284
-26275
-24850
-15613
-24304
22827
17374
11345
31288
25799
-7488
-17169
5560
-15121
-25777
13691
4254
-1418
-26796
-26353
4694
-6165
5427
-25721
-22803
-13177
-19019
-28476
-6221
22500
17020
-5895
-26430
10083
-2386
25805
16228
-22635
478
-5411
-2818
-14419
-32054
25283
-17310
-15832
-24816
24842
-8324
11159
23979
-26233
21826
17046
13703
1848
24619
-1212
-4776
-8078
-26836
1877
-28086
28266
11929
-21903
1120
-16350
1817
25343
-24533
-10142
-27830
-3612
-27465
-19333
7446
-12995
-6774
-15889
-18341
-19634
-8216
26850
-19473
-10765
13424
-1855
2252
-11740
27586
12433
-14733
-8842
7383
29413
-26063
7271
22396
-32110
-24401
-27687
-27393
23297
20629
8546
31931
15512
-23393
-7442
11906
21456
18240
13336
-21812
-15723
16386
-25015
16176
31694
-9272
-2583
-2779
387
-25529
-19651
3359
-19385
28192
26412
18407
-3263
-12619
10020
28836
26253
-10205
-28003
1739
-13627
-30653
16390
31317
27015
8342
-27915
25149
-29524
14933
-15574
-17158
15398
-17326
13487
-25907
-12711
-151
-26945
15308
-24612
26826
24861
-23264
-7440
-9799
1845
-32253
16768
-9168
11617
7865
-29870
-11116
-7902
-6957
-1655
5349
-17097
27765
23005
-1098
20137
-27954
24453
-14446
-2275
12296
8250
26983
6979
-26144
-22376
14095
30074
-21927
-7586
10118
-16282
-24652
-8988
13742
-23707
-6598
31282
-28589
31962
28236
-29151
-9583
16533
22811
-71
10018
27248
-10996
15661
5048
8691
24732
-27773
14185
17929
2394
6340
-31278
20355
15740
15795
24135
17299
9426
-673
-3765
13905
-3377
1285
-32193
-23866
4337
-13055
4979
-12716
-19824
-13776
-27676
-9067
10637
-27742
9933
-23327
11310
30129
17373
3284
-25274
19321
4967
-23160
22431
-27781
-13258
18017
6350
-5965
-8231
-13764
20026
5225
20198
-831
-24669
-4376
-24626
-8528
-11955
2490
23672
-19675
22076
-17494
-748
-20392
-2046
-23317
10244
-21218
28545
22213
9211
16794
10577
22871
20815
-15170
18816
22626
-6979
5683
-29217
-26526
-7262
-29223
31182
4969
19690
23231
8739
19269
-16759
-31231
-24129
23639
31061
-23245
-10572
31722
15645
-15221
27886
-25066
3369
28712
-30673
-29546
-8215
-21880
-1064
32031
29002
21214
20007
-32226
24424
-27957
-14982
-306
23261
26940
-3331
-2479
9303
32279
-11997
-2976
6985
-6094
-1369
-30574
7272
10701
-22593
21543
28721
4450
-18528
-27132
18784
-2115
-22023
-31940
-21370
-9989
30603
5751
-20805
-30630
16324
-25011
-19275
-6148
-5264
5178
-20058
27747
-30030
-26993
-14854
-25068
-20836
-11491
7974
-16680
28346
21693
-11859
-4233
-24636
11343
-13933
1761
3164
3729
13077
-3561
17293
-12444
-27443
21691
-26313
-31788
8050
29273
7692
31269
-18623
-6180
7894
19723
-26318
21605
-685
15240
24214
25800
11673
19178
-26831
6364
-17575
-27043
4219
17556
-13415
-10695
16730
-17097
-18285
-2961
-26228
-1973
19667
22494
-6292
17274
20150
-2736
23751
5273
22709
19885
-29409
19067
20085
-670
-13304
-14316
-21023
24048
230
-5531
-15072
-4406
-16587
-29851
-7016
1445
-28554
16613
22636
9878
-15431
21459
-20260
-15368
-14319
5799
3022
21788
5041
13570
4137
17047
-28541
24429
-10747
-8547
-14476
7636
-22923
-29966
-6103
-12806
-18471
21066
-28830
2614
20128
-6507
28387
17277
3017
-16620
-9709
-15446
-2811
12266
-16070
14112
31380
10407
14012
-3231
-29300
-17161
11748
-28284
19071
30489
-17810
-14785
-285
-14213
-3811
22877
-12733
7197
2355
-14502
6989
7257
-12455
17874
-14020
22994
7332
-1148
23961
-31429
11862
12326
-73
-5267
-20267
28337
-27861
-9796
-16213
-4838
-9537
8959
-29771
28401
17942
-3219
1864
14049
-31969
7666
-13259
29482
3761
-1456
26133
-802
28317
-12424
-22958
-12167
25660
-9176
-18401
-19704
16940
-26656
-9787
-28279
11404
903
-29968
10221
28545
1109
-7670
24742
26037
-7034
25160
13777
28371
-18182
-22948
-27906
-30220
-3247
109
-30383
2197
-17487
22090
-182
31782
-29283
-3238
-6358
-9597
12940
17710
24369
7897
-12818
-24661
-18641
-7808
-14940
-23507
-29215
-23866
-19321
16674
-365
3283
-18075
9216
6510
-24220
10390
12528
23481
-6635
-21605
-19385
-31562
-17047
-28070
15845
-24320
20348
-17177
-30019
-21536
28925
-18725
21093
-20688
26493
-9299
-1827
18077
27109
17360
-1302
-1270
7201
3056
31774
-11182
5539
-4262
-26845
11646
-30687
24588
-13113
25217
-5325
-23777
-23774
10935
9578
-10502
-16314
8322
-4151
8192
-23679
23340
16312
24954
-14629
-16735
2294
-27584
-20325
27563
8702
-17989
2878
-5891
-10336
-15389
-22900
10048
-14257
9860
-17932
-14749
-4106
18261
-10962
18234
19590
13203
28115
-22425
10695
19940
20451
17188
-23666
20753
19225
1445
-30638
-27272
333
-8396
25513
-25818
-15009
-3756
-25620
25149
29685
-17470
11938
-9995
-32113
17373
-4492
29761
10496
-16329
-10768
-29185
-2255
-19620
-10990
10768
-15826
9208
-13033
4697
22079
-30383
-13132
10088
-15377
-20377
26211
5872
-13190
-1514
22013
31301
27041
-16313
29169
-8419
-4777
-1154
-13974
27365
6312
-24484
25417
-13199
23021
4836
16618
-19397
-30603
-22760
-30815
-1169
13271
14269
-30992
18848
-24814
25426
28522
19398
24365
-12283
19293
-15222
11191
-5359
-22238
-4939
32498
-16074
-23653
-29314
31498
-12812
23919
1917
-27245
32151
22781
-2625
-3661
-32053
8724
18169
32034
-11280
-17979
-14449
4389
-1848
1024
12956
-26326
33
20851
7438
-27511
-32546
-29353
15747
-31630
-30199
-8251
-4694
4455
576
15812
15627
912
8191
-8294
-31942
-21339
27678
25926
-14545
2911
-30439
-22540
6938
11767
9866
-26980
-15026
13250
10651
-13695
22095
-6689
-31121
-6803
7883
444
-27976
-24406
4515
23806
-23424
27015
-25465
-11924
-19804
1126
-31379
-22514
-16611
-14135
31066
30670
31618
-11203
22747
22691
-27784
-9430
-4937
-28463
8105
-1218
-24185
-26870
-16252
25563
-30308
-19133
-10237
14073
-30633
7951
2316
1529
18952
13499
-6380
-12860
-6888
27988
-22213
19750
26578
7088
-23842
-32416
-6388
-29289
-17523
31639
11168
607
-5516
3195
27850
-18741
-19492
-9153
17293
-20431
26967
1121
-2982
22746
-5669
-30808
32759
8004
-22001
5928
13574
9408
18690
7251
-9084
4163
32517
-19940
17062
-7306
-22922
-29414
-13047
-5778
-32387
-23018
30852
-27678
-23240
28549
17798
-18996
-13461
-25808
21724
19360
-19978
26086
-21639
-14192
-6058
-24682
-24620
20342
29404
-23039
2965
-11977
-1133
22221
-32048
-14405
-5901
-20483
-6286
5382
3534
-14927
-14566
-17137
26280
-7272
-31632
-13099
19703
13701
6794
-30880
15355
-13283
22262
-1661
-12631
31554
29594
-32439
28562
31592
16222
-4226
20634
-5789
12242
-26330
-10300
6190
2982
9981
-13997
15083
-9520
-32495
11012
-16297
9449
-17397
-13757
5056
25584
-8474
-11064
1933
22150
-21933
13880
-5361
-1680
-961
-6757
-13776
-7704
-3756
-1738
19092
460
-2441
30807
-4263
31614
13750
11360
-10493
-29858
-4438
-8989
11912
-16595
30160
-12840
-23745
-30799
-17999
-9986
17958
25206
11840
-31118
-6838
-28751
28630
-3732
32375
-18178
-17033
2623
-28656
23135
16787
-12959
-16047
5974
27250
25128
4549
-7805
11113
2609
-32325
3726
-510
-17783
11721
-24293
10621
31384
5357
-18950
22900
-3736
14801
-18453
-5173
10078
2715
-6493
-1368
32312
-17395
-24778
-28726
-16979
26501
-20078
11887
2884
-17027
-23040
15973
23427
-1057
3416
25022
-13034
-25623
24308
19430
12602
22818
7287
24715
18582
-24451
-25892
-543
-6
20350
-13415
-28761
-17909
17372
-31821
14004
-21171
4202
-20487
-10991
-6900
-18552
-7787
-31627
-21072
21850
31859
-20049
-32193
7403
-32700
-28361
-5672
14341
-10503
3268
15048
-14602
-24252
2771
29641
607
-30562
-23757
1206
-11499
21544
-30285
20224
-32412
2912
-18737
17529
-28898
-8958
21532
27097
18227
23326
-16629
26941
13701
2171
-4967
13475
-5847
-32504
26463
-14447
13224
3099
16273
7657
6270
-397
-25586
-7612
-31841
20380
-20543
-25209
14173
-12217
-12917
31506
-18692
-24314
31063
23903
28393
26777
-29420
-30877
19238
-115
-31486
22506
6871
28042
-14748
21706
31900
-1155
29081
22949
-18203
-12841
24330
13382
28540
5608
-9676
30814
32748
-11346
20476
29183
-7707
2462
-23677
-10273
8637
9252
-23925
28449
-15117
12003
9936
-2877
-10565
-1019
3260
25369
-295
7987
-12843
16957
887
-10356
26453
-11156
894
-3660
6195
15343
-23945
12396
19205
7296
32104
6698
11980
-1376
29936
19712
-14801
-20489
-8826
-6923
-22556
6620
26465
4493
-10750
-30364
28296
-29547
-21128
13041
721
17328
22033
9959
30119
-24584
-2228
-6252
5493
11078
-3280
11734
-13356
18399
24966
28762
15809
25196
318
-24214
24237
3116
4131
3848
14956
-9599
6818
-25236
12798
-22636
25583
18178
-14953
-8988
-17536
-2430
-17205
-29277
-6288
-14614
11503
19488
16029
-6463
20390
-2555
-9706
-9297
4465
-9128
-27902
-7687
3303
2436
-4131
-13824
18341
3857
-10216
-14912
-30924
-25973
-14240
22959
-24448
9720
-3041
-30361
-10602
-27786
-10502
-2348
26935
-570
-18861
-4605
-7447
-6080
-27961
-7300
17726
-4085
30288
-20892
2663
23125
-22878
-6660
29772
-23940
23313
20704
12335
29126
-24284
1592
26453
-27525
17780
20856
9605
-13775
-23382
13294
-20365
-31957
22334
-2896
-10685
26733
26801
5171
-28266
26257
-22133
-31893
-29805
1503
11539
-1620
26017
24599
-32092
14773
1385
-5279
10977
10206
-1832
-21250
19066
-15707
-29894
30060
4288
9373
9522
11056
-20626
14454
-17114
13123
-2452
-1695
-25140
-9918
-1707
-25139
-10297
21344
-3203
-1585
-229
9738
-6153
18429
-26041
-9537
11505
-23007
-13369
31663
13361
-7555
5230
-4770
27268
-1656
-28516
-15499
24297
3249
-30125
28545
-289
12039
-13789
-4028
-16436
-1460
-17164
-18970
-14572
25818
27479
-32413
29785
3834
-32351
-15082
13900
30589
9160
-17612
-23515
5423
16828
-13488
-18915
17599
-29541
-8231
-27521
-15168
-3958
-21606
16536
-2219
16035
8393
-31823
-10843
-8741
-12620
13200
-11663
-2615
30992
7050
25067
15515
-11485
22576
-7159
19222
-19866
-23224
1951
31216
17110
20508
2738
13941
1346
-8092
14179
7542
-22837
-31034
20171
4552
6439
-29757
-21349
-25284
-4150
15791
-11152
710
-25764
22238
21521
-19886
4695
-25567
8846
24418
30040
-2566
-6164
-31306
25684
24175
-17297
-32210
23326
-25721
13403
-27884
-13611
7238
-31912
-1163
30741
8508
17427
25129
11800
-22663
-27166
14914
20632
-12181
14506
-7895
17049
27288
9857
-21996
23366
775
10700
16394
-107
-5661
6813
20158
20730
-25432
-9575
2840
24458
-23292
19841
11309
-31955
-15502
-32678
-15765
4659
17754
13432
-21997
-3116
-28397
8952
23894
-21732
15771
784
-25589
24228
7930
24585
2161
15962
-22629
-31509
-28280
-22039
-1402
-15815
-17722
3985
9884
15510
-24044
-9889
16242
18781
-21063
-966
1383
5598
15110
9889
-7720
-26170
-30316
8311
28200
21371
32443
7859
-30495
-7691
20670
1377
-18055
4153
25152
-6579
29726
-28859
-10387
-15488
-12391
-1319
12042
-13504
-25385
-9337
15743
2577
-23022
22928
3790
-28470
-1669
-5553
-5975
15507
-19840
29442
-23424
31409
-25783
1808
22065
-31936
16835
17738
-28503
2832
6276
-29060
-610
7575
27036
-8821
-29894
-9839
-8433
-21560
23677
27733
17455
-2767
-13955
-29995
-12612
1179
11609
-118
27874
-31974
-28548
4577
-256
32346
5643
3000
27482
17799
6908
-22893
7148
-13152
24551
-10775
891
-20414
17505
-15086
-12812
-23516
-19586
-12753
1387
-29914
-22375
1984
26533
-17978
26034
-866
-7566
19558
28677
17280
9532
-10024
-19851
-22920
-9354
31792
10863
-29707
-26519
-27025
-3682
6463
-28484
2116
-29465
29054
-4025
-32420
27341
-8645
-7905
8945
-22202
-13878
-13033
-11726
11680
-7318
28869
-31938
-21061
11983
27307
-25786
-31217
19824
3733
5253
-8944
2600
-9412
-1879
-6932
-25167
-24120
1863
-5680
-2397
-29497
-16337
21662
-17265
-20945
-24660
22970
20427
23631
20117
12901
25426
14277
26938
19331
-13071
10891
23120
-22653
-3760
2747
-31175
18880
2822
15539
-16368
-21307
15495
-16790
18437
741
-461
21962
25249
-26421
24085
-8059
14404
17833
-25537
-27927
-31697
24896
11991
976
11535
-20735
-28543
-32286
-27435
26223
1161
-14906
22324
-9245
9700
-22692
1694
-17434
-7976
19102
-1472
-20089
6669
-28846
-27222
16339
30962
-18720
30208
-16326
16728
11905
18625
26481
-5732
9766
-9088
-6138
-17248
-16035
-14986
24840
-22074
32340
-6158
30537
-18947
25048
-3744
-15086
-16753
27280
-15287
-20010
20830
15652
6703
-15287
-23367
-20479
9416
11601
-30670
-10702
-2213
12856
28985
12293
26573
-5554
19952
1370
11181
-17799
-27395
-30792
26517
18564
-9889
-397
19254
17656
6818
21165
9514
5946
-26367
-29805
30061
30753
3156
-30040
-4060
13194
22117
10301
-20157
28374
22166
-29359
21815
32617
28273
11140
-25045
20780
27172
2390
-12551
23820
11008
8453
-28577
-12153
-25084
29747
15706
32488
23088
-4039
-16206
21073
-21338
-14955
17021
-14258
27740
13070
-28234
-2698
-7611
32611
-1788
-19038
-17442
19039
-16449
312
15070
21183
8102
-14883
-1632
-27008
-28448
1968
-3773
101
16262
6772
27185
-18548
-31508
26504
-14232
-24697
2026
-24328
-2291
-4994
31371
-12948
-24041
-10081
-22622
-11218
11844
-15149
27185
-4842
1136
13762
-7857
-9480
-10239
17468
31987
6878
22567
26752
-9966
16159
-5698
-6067
-27646
-5381
-78
26817
-27491
-3788
15211
-21207
18112
-21557
-28255
31721
-25757
-6404
-19477
-5934
17125
-898
-11802
21407
-22888
8955
16159
23163
-3162
-30273
13689
24006
-11986
552
-7588
-14021
5452
30728
13500
5251
14376
27710
-21250
-14927
-26153
-7339
26206
20028
1783
-18228
-31959
-14240
-28061
-4160
-24348
3478
15116
31037
15102
5500
-20630
-26395
-24052
20853
-21107
14543
-32662
7912
14911
28113
-7202
25855
31098
23711
24314
21289
-11271
-31032
7460
-12185
23214
11170
-24521
13765
19866
13925
-32439
-1255
28379
11533
19167
7807
15589
-31403
18647
-29903
-19728
30804
31576
-2398
-24086
5025
-15809
-7030
-31384
-1326
-11923
26278
-11161
-5915
-10739
28992
-15105
31630
21547
27356
1563
13103
-13353
6867
24599
-939
-24063
24261
1161
32305
11617
-14612
-6633
5624
4139
28518
17425
18103
-24792
-14631
-18114
19243
20747
32261
14367
-25493
25610
9330
17200
-11321
-31038
-28709
-31328
-992
-26293
-28825
-14848
-599
-9120
-32653
6850
32494
-725
20354
-29758
-9978
32077
-2625
28528
-9299
-3239
32594
-10552
21463
-5540
25222
25817
-3045
25257
-6766
20091
29410
-11841
-7905
19882
-26040
-15768
26490
-26580
-28242
2817
-27159
-13006
-18977
112
-10587
-22352
-154
16896
-21293
-9076
-2486
-2159
-28472
-11579
-1136
-2973
7529
-1288
32075
-32017
-25715
-30755
17609
-4724
-4174
25399
-22005
-8212
-8372
5333
19674
-17250
-18339
-16367
27914
7540
-30686
-32349
-14360
7555
-876
-25436
5150
23406
18967
-7690
-568
566
-30702
11243
25863
19073
-21444
-7015
-22319
-1303
7598
-24137
4569
-13671
32137
-11330
25393
-15363
370
30052
13545
-4384
11340
25767
8885
-3863
-5181
-29288
-8397
-19686
-4401
-1765
-12910
2224
31574
11458
12377
-8761
31134
-21383
-8019
-9579
24641
-8736
-5795
25812
-7992
-22875
-13975
9253
16579
-18029
-12031
-21172
-30691
17774
21936
22011
-16097
21464
-19714
25623
1477
-13068
14931
28234
-28896
-6862
-3202
7033
10051
31684
-21109
21167
12613
-20986
8595
21912
26369
1889
-3146
27399
-28374
26187
-10379
-6512
-19429
7152
-9801
-29039
31894
19181
30206
-26687
-10516
-11712
32549
-16964
25036
18765
-26305
3458
-28146
12124
26069
11299
-10748
-20761
-12266
-28405
30245
24978
-27020
16361
13547
-18493
-11981
-23701
22929
9071
10688
8371
-1694
-23270
-14591
-24736
15452
16960
-9766
-21470
-5978
-19329
27734
3986
7915
-18833
3763
4359
-9125
-17084
-32486
22569
11746
21296
5020
-4619
-31810
8067
3845
-21346
4648
22314
13654
-25351
22072
18179
29511
5241
16607
31692
5269
-12888
6859
29865
2690
30955
19311
26018
16976
-8348
14208
-2595
-3017
30839
12154
-1915
4026
-4270
28188
-24413
22132
-29975
-9960
-29282
-24138
30636
-9381
4740
-16917
-2826
-30684
9636
28595
11507
-13662
-22534
28291
24781
-17596
24272
13803
-14880
16078
-19086
-5075
-30492
-23597
-27057
8999
11025
-29624
15115
-21080
-30965
2323
28757
-31196
-24033
-27427
-170
682
-2964
25236
-19209
-7359
21230
-28755
18646
-1435
-7798
-7188
-20570
24260
31958
21197
-26430
-5186
15193
-21817
-9492
21282
-4212
13911
9678
4084
-22074
27112
3141
7500
-21734
-25332
-5300
-21060
7509
16965
-14138
-16632
-29577
5355
-23131
-32009
18728
-8886
-5503
-29212
-18427
-19647
882
19032
-27759
31712
-9443
25835
-12311
-7991
21221
23685
17448
-15015
-16753
-7643
23548
-1367
-4578
3621
1935
-6193
30071
-16801
-7685
11364
-24532
-16910
-14370
-27107
-18818
25905
15056
-17892
618
13140
29085
-29025
-5214
24002
14651
-22426
13713
-17740
14846
11409
-19225
-4296
12897
-2957
31604
21388
20866
-9623
-20736
17399
-8609
0
27778
489
676
17114
-18336
27973
-13462
-6010
1895
3190
-29220
-5884
24262
744
6943
-18623
272
-6026
28413
-12517
9342
-19283
22359
28372
5291
-32698
-17004
27576
21782
11580
3485
-6398
21411
10713
32751
-16091
11035
32664
21644
23235
30120
-21247
21826
3570
-12121
22939
1283
-7142
-10404
-24702
-23139
30947
-2271
-25276
-2589
-26734
-24774
-12269
-24975
-11219
-19704
-8879
12601
-16543
10361
-26401
18242
12070
-20274
-20840
-31219
26878
28781
-17453
-16953
14210
29017
-10013
26151
-14928
-24460
28009
-13170
-30155
-29564
-11332
-18932
29082
8965
-16743
30250
-26407
17382
2448
7094
-34
-15940
9982
-12253
-9467
20261
22519
17417
-23403
23286
23874
-8264
13548
-20486
-28846
-28108
19772
-6408
19337
29033
22750
8085
15658
22043
-17305
24232
20839
-1917
-24311
-1312
-1823
-7250
-8390
-10306
-5810
20736
29083
-1588
-18564
4624
-2891
22659
-23422
5808
-26480
13982
-31628
2865
15850
2137
-18464
19337
-4955
-2155
27310
-11730
-22441
-22256
15662
-23753
-5248
7143
-157
-16975
-11214
-14773
9084
492
-9797
4000
-6223
-839
-4572
19541
-15391
3247
-28751
-20579
-19705
-28054
13722
8382
28781
14609
-22146
26940
18960
-4185
-26380
-3867
8698
32076
-18692
21370
-6985
23789
27255
-1500
-31388
23008
5177
-18088
31897
30447
18528
-22955
15463
10631
12487
2196
-10804
1083
-7565
-5495
4528
-28993
5011
-15691
-12433
31984
-27393
-19051
23821
12360
32194
-14105
-15459
31594
-26115
-24567
2386
12316
-19640
18060
27296
3142
18455
-25541
22933
-21623
-18970
2673
-6269
32353
-7937
22980
-14634
-27481
31695
16341
-13167
-13016
-7369
3104
2982
31997
29690
4612
-2347
27912
26545
23366
-31967
-7136
-8448
-27277
6054
-8846
27199
-3556
20713
-13504
-7560
-16699
-23829
19271
9017
-8421
-13338
-24217
117
-27675
10221
12624
30114
6008
2822
10921
11500
28540
26338
-16646
-30913
-19210
-17026
-29804
-8787
-19945
-30954
-22790
-18458
-15174
8100
-12704
19535
-22576
-32059
6701
-21362
-24091
-4032
16962
-21189
32094
9032
-14232
-11982
-28597
30827
16526
27097
-6848
-31431
-18084
25203
-17026
1915
20737
-8689
-19426
-17325
-3822
-15079
-3885
773
-29273
-14257
-14994
15919
23123
6381
-17573
6492
19859
-25599
28381
31426
-17649
16780
22550
12567
1515
11264
-7952
-10778
-3363
-11784
5358
-14603
-2270
-12568
-32695
27950
25479
23526
-27865
30796
-24106
237
5025
9521
-15098
-7403
18372
24111
-30668
-25956
-31705
-17305
-6297
-26397
21468
-21065
512
13473
-18348
-6684
25538
9407
21902
1136
-13124
8458
-17577
-10925
13840
1112
-30600
15545
-7252
-2371
20123
30594
11105
18603
-6838
11128
30765
-18482
8080
21263
12754
-6335
-9797
-14658
31757
1276
-8149
12299
22977
20440
-22435
-22252
10097
-774
13815
-29034
-9673
19835
-4732
19852
-5141
-29172
-5826
14944
-23240
-17774
-12477
3703
-17911
-15787
-5444
-15972
20443
-4020
-21139
832
-31571
24146
-29386
-4393
-15968
-30868
11884
23999
31911
10316
-12001
30373
-4594
-4241
24820
-26630
-27823
-7231
22357
13069
14448
31858
-15640
21612
6249
-14095
22580
23254
-29173
-17723
-7173
-3461
18193
-16866
-19403
8885
-8415
-10289
11561
-1575
2597
-8732
19111
-12191
-6604
-26330
17968
2406
3425
-10596
15252
-26313
29591
5881
-13063
-2712
-26307
-26012
-9120
15783
-22367
-29333
1500
-30032
-26247
-28908
-30232
-2544
-20607
-10225
-26394
32102
-26411
-16823
-25737
20887
7318
-10644
25968
-28396
7532
-31395
-11968
6866
31615
32322
-17867
32313
26694
-14996
29385
-15382
-32601
4352
21334
6114
8438
-27824
-31986
-11288
23679
275
-12160
12475
-27386
6236
-6088
-20941
-14736
29185
8693
5593
-1038
12604
-23575
21610
32615
23437
26786
-15506
-5168
26422
-238
27492
10531
-22974
-1973
-4730
32157
30319
11160
-11887
5151
31960
-6554
-19814
11473
-30539
-16291
-25986
20474
6496
-7934
15212
26761
-11888
-11995
-22736
28304
6171
20175
4832
-8643
23747
-18767
8399
21501
17934
26168
16983
17340
3944
3402
-30261
1696
9343
30888
16551
-1008
-28613
-30554
-501
-32533
-14577
16331
-23781
12828
4990
21068
-11588
-30776
-23851
27535
3684
2110
19577
1836
-29081
-16168
-3889
29216
-17596
31379
-30939
27976
-10408
-833
16711
24555
14271
-1943
21256
-6701
-23654
-9759
-10741
10141
14212
-2056
-16806
12712
5895
2977
-5117
-29219
31839
-32482
10138
13766
-13057
27107
-11877
-28331
30438
26978
13320
-22227
11018
-6466
23667
8865
-8173
3847
12886
17245
-27157
25691
-1450
14771
18569
20875
23081
30769
-7000
22538
-26065
-21964
27152
-31981
8037
4188
-31304
4974
-23788
-24347
-30231
-5994
-560
-5418
-8858
6115
-16192
21516
-9841
12670
24303
20009
-24642
-6406
9554
-6476
-19765
13799
-15942
4390
-32631
19636
15336
18889
9400
14753
-9499
-4654
-7340
-15114
-5125
-1711
8077
-19434
25746
13197
29848
3685
29424
18283
14476
17982
-27153
21969
-13358
-25441
8749
-10667
-17095
7259
3901
10183
18596
-6365
16256
-16730
-14741
11326
27130
-30332
-12143
8181
-3312
26791
4235
-3618
-7278
-32060
-17988
19462
16578
4095
-892
-25735
-9470
-13718
-6936
8877
21881
-3597
-26239
-11304
11854
-10069
-15392
11207
-23004
-28608
30185
-3074
24388
-14471
-2000
-16753
16622
18500
-9806
9555
11013
32120
-31967
-24584
12790
262
-29827
-25495
8437
-2230
2624
30249
-22648
10676
13726
19596
-15546
15118
-24361
-13489
13369
18490
-26355
20527
-13880
5005
-15120
24253
-26942
-10437
-32280
6332
-20885
-32640
-15784
-6571
-4044
11714
14560
23216
-12086
10867
14055
15638
-1129
8159
28003
-9417
-7103
-20020
30465
8924
-14296
32264
23027
12292
-24598
720
-7789
30490
32544
19818
-29991
-12189
-4448
3732
-28127
-2093
25477
-26994
-15828
-8465
-24833
-13837
-5707
5810
29324
-21454
-2830
-7198
-27807
3079
2280
9606
-3578
1130
23594
-8897
3615
-16784
18217
18887
-15316
14707
10430
28982
11173
-30196
-12996
-31440
-30304
-18263
-12446
-19962
1943
-1730
23982
25151
31778
-26818
19423
22988
4250
24517
-23068
11249
-8158
3745
15063
24486
-12690
-19211
2691
22020
-6299
-12321
30234
9415
-8613
16609
29080
-211
-20893
6831
32382
14508
13367
14292
592
16124
14953
-16889
-11543
-17681
10478
29872
28639
25948
5829
4075
826
24052
-31663
-23171
32188
23313
-20148
-13491
31357
-20881
-13470
15002
-20378
-26998
15997
-30396
21684
-30822
14369
9346
-14703
3114
-1699
693
-27636
1327
-5853
-13831
3952
16648
-23533
15242
659
-21738
23990
27447
-30226
22574
-22367
-2665
4902
-16083
26066
-28255
12810
-17402
17982
-11966
8320
25704
-9366
26636
-30797
26887
-31248
3638
-1464
-357
31654
20234
-15887
-28212
-6296
1214
-17955
-15304
-2280
14439
-2247
3228
-27612
13443
23893
-29645
30336
10096
-15912
-24477
12834
22003
3875
-5106
-19157
-23986
-29737
-13525
-28142
1978
14243
-24819
14473
11002
16637
23583
-13829
7877
6953
-18894
28292
15700
2842
30618
1388
30274
-13898
-14272
-26601
28942
-22837
19361
-2920
-16285
3548
-24133
15389
-8373
8771
3795
31615
-21123
-32499
-2842
-28359
29974
-7545
-14860
-23924
-31969
3813
-30269
-16330
13629
-4683
-22632
-23886
-21221
15174
4587
31563
-5752
-10352
22342
-6993
32507
18923
-23199
-18865
3156
14300
-22081
31746
-4560
-6378
10009
-32671
6302
6339
30520
-30758
21073
28311
-30804
28154
7010
29595
-11847
27842
3500
18824
-18829
12776
-8942
-4377
4554
-27419
-26445
12433
-24643
1230
-15311
10802
10848
-2231
10465
-711
7216
-3153
-16594
-14363
17125
12122
-4693
-18304
-18259
-10837
11011
-17481
14453
-27912
10711
-32336
-26089
19711
-25009
-14449
19055
-17416
-3027
28428
-1646
-16054
-2663
11911
27247
-31454
15094
-31178
-4511
30237
-22770
16578
3154
27728
28718
26334
-6779
26138
24417
22933
-30260
-22369
-27303
-14046
-11836
19921
-24063
950
4212
-12120
-16334
-29342
9313
2216
4954
14874
-13742
-27576
11088
-31540
-28327
24131
3135
-14326
703
22600
24347
-23028
-26890
21129
29627
-18623
-9923
-25868
21339
4211
10696
30109
-25370
6186
13081
30281
5757
-26758
-20829
-13284
12778
-556
27485
13444
-7470
17475
-23175
-9732
-17912
-25338
5484
-23683
-4700
28159
27202
-24802
-25425
26376
18787
-3913
-10035
-26702
-8140
-17826
-31809
23308
16799
-8733
25376
-15877
25761
20907
342
31740
10941
28290
-29648
-21049
15487
28319
-12637
18187
-29594
-8767
32049
12352
5474
-16998
-26979
18863
7507
-3928
26991
-23471
6024
-32547
-29877
-29085
2885
-31763
-14583
-8282
-30062
13115
-23775
-23754
-21261
29427
-21111
25174
15311
6485
14767
-10602
3208
4798
21211
28152
8619
-26707
306
-17908
8659
24186
23888
18390
-22589
-9053
-22452
-16667
-8011
-3435
-27459
-31941
-23298
27094
-24515
6614
-909
-23318
7265
-29144
16312
-18276
2605
3928
-3958
-22336
-1688
13414
1627
1004
-26108
28951
-5667
-13806
1556
-18948
-26921
-29586
28800
28360
-19697
8037
-3395
-134
-11423
18107
25924
-26720
-7037
-43
29904
-15873
28537
23054
3607
-15892
27556
22787
-19370
-20683
-31412
1646
-4867
8281
-31107
3828
9982
16248
-4494
28929
19032
-24548
-9079
-15170
29239
-6365
-16772
23339
-2210
15785
-14878
31602
-16132
17424
12882
-29330
-28845
15070
20563
16713
-5457
-20581
30198
8474
17287
-26873
-2868
-8908
17227
-17778
-22700
-23786
12413
-14765
-29214
10817
11615
-29451
-12529
-30821
9499
-20208
-16046
9771
-7739
-16709
-12163
29232
-7471
-19191
11458
31057
5835
118
12127
-17713
-29382
-8247
-19061
-27319
-7740
-14642
-1473
-14477
-11821
24933
-18469
30114
-4604
31823
-21031
12201
22001
-4469
-18544
6551
-30135
-13025
20045
31273
-16094
29598
12337
-10844
17242
-28221
7729
9202
-23554
-23379
-30342
-8180
15122
-14329
8207
-17707
-3754
31819
-29900
-26278
13133
25065
-15461
-21047
30307
14969
-13985
-12021
26807
22051
13807
27579
-16633
31251
18912
15784
-20029
-26362
-31147
11934
31354
28558
3752
-15299
-23820
7942
28373
1027
23859
28575
-1876
-1675
25746
4377
-18155
29007
8625
16187
-10370
-32645
-23163
10315
-19881
26664
-20160
-25494
-10512
23671
10932
30702
-14605
5747
2415
29223
-21017
-30564
1899
2969
31059
13909
-25865
-24737
-20220
-7827
-14604
-14112
-2297
24114
13083
21754
32084
-25736
28228
26265
-15547
20656
21364
-30056
15616
28680
-3072
28248
-5015
19635
-1055
-14430
-16411
19480
32109
-23282
-1738
23905
12650
-13458
23300
14333
1017
-16701
22992
-10783
17890
-28921
21590
30525
-1872
-3661
27238
-18065
-31316
-13512
-13552
8603
25952
22392
138
-669
9676
-22387
6125
-29470
16980
-10834
-7800
-14952
-3480
4273
31404
7178
-22683
23728
-20654
9814
13637
-18549
3273
4324
-18657
-23720
-32233
11021
11936
26358
32
23153
-27156
-142
14117
-10610
27061
-9383
22736
26038
6495
-22264
1951
-20137
1234
-23102
15669
21496
2609
30394
17621
25624
7300
20656
-17899
-19133
5686
20201
-24196
8035
-7064
4402
19921
-17353
3420
-30427
-11944
-29296
-2842
13625
-16899
-23840
1487
32292
-18815
23396
-25177
-13945
29149
10505
-11260
15513
19845
-13475
22240
-16105
-24318
-32264
-4752
-8784
13175
1235
-11388
30908
3394
-18147
-632
1950
7763
-20185
1340
-24169
21190
-21149
-19170
32022
-11094
-25049
12651
2723
10214
9341
4410
-7055
-16892
-10553
-32663
-2144
30529
-17414
8494
21534
-25603
-31902
-3213
-8917
28083
-3327
-15529
-16407
-32103
-28652
-4954
13687
19033
-32620
27610
28943
13414
9033
15690
31739
11920
-3986
-19757
-16604
-14716
-4890
29163
25174
-28149
30198
-25936
-8594
5991
26627
9994
-21692
24164
32606
-28462
-28038
803
18153
12468
-4004
-10236
-23757
-11254
14158
11246
-8435
-4405
28609
5401
29578
-13076
-6590
-2884
900
-18715
-16905
25176
11544
16950
2028
-13539
-26690
-10035
5042
-3734
18238
-3400
7468
-9927
-1297
-6282
-559
-10992
-9216
3703
27923
6446
7191
30829
-2870
10947
6564
22064
21367
20116
19385
24680
23739
13228
17069
-23328
-17516
-25527
-24219
-30793
9461
28040
-19937
-18997
7239
8084
-7075
17949
25176
-21108
20038
22171
-28574
-17255
-5621
32304
-13208
-32461
2848
2495
23366
23213
-31992
21265
-10156
304
-20468
4943
21586
-2852
27726
-17803
3527
-10874
15495
6455
30746
-25800
15327
-29868
-17759
24008
-5342
1956
23600
-12759
20430
-28096
3625
-24695
-4414
24835
-24171
-18126
26753
31830
-22554
-10788
-11821
3586
29919
21097
29340
-31289
-4967
13484
-31854
11661
-32226
-11685
22277
-8055
-133
19501
28936
25809
4104
11200
19169
-21084
-40
-24322
13631
-12092
-18982
27191
8084
30583
-25415
19913
30360
-11897
9042
8390
4804
16787
-15125
15199
-14040
31351
-15072
29034
-7766
446
10504
23777
-7172
29026
10342
-14433
-18542
-30533
-11990
-18861
-16482
-1960
-19384
23592
-29554
8116
-32370
19294
629
6133
7403
-7547
-11783
1753
-18962
11730
-21764
-13110
31829
-26456
785
-5825
5163
3878
-3859
-28824
-650
7931
18870
-26553
32625
-12216
-15335
-15753
20576
-29666
-30042
-4174
-7899
16931
27397
-11700
24299
-12233
-26019
-30028
17821
15173
50
-19209
-20352
1709
13942
6593
-22315
8763
-884
26034
15285
-26317
4087
-28410
5947
24675
28942
-25630
-1374
-18595
-30348
9348
31170
4440
-2439
4856
-9873
-32495
6874
30763
29430
21241
-8611
30000
-418
1707
-10693
-1533
18250
-5473
-29287
-5104
-12582
22295
-7283
-6215
23411
-27374
26904
-20135
22515
-12717
2121
-30614
-1128
22590
-30523
-11009
-28957
29229
-28395
15030
-22365
-9260
-25238
-9451
8185
24210
3647
-5814
31174
10199
-5420
32402
-29
-30489
-12393
-12001
-29018
-7834
27972
4196
-30045
17984
31695
25796
-29708
-30228
-3426
6413
-31695
12483
-17174
-10286
-14354
7712
-11339
3450
30663
-17824
-21795
-18218
17378
-22749
25860
26841
1498
3603
19738
-15878
-15919
2726
-1746
-31894
-19166
23962
-25184
1871
-15854
-2586
25915
-16478
17384
8690
14492
-27602
-6742
-28692
-10242
8734
5707
13079
12209
21147
15067
26547
-6958
22020
24478
9030
-13252
4344
26417
32338
-32515
-9852
1462
-3837
3388
-14966
5967
-29584
22534
-17459
1702
27897
12475
-28898
17256
2377
-16124
5654
-18629
24118
-3881
13384
13298
-21401
12522
2387
27304
32241
-26025
13046
-20899
-2271
-24341
24918
-4899
12712
-3489
6521
-30062
20919
-32515
1996
-16715
31000
19638
25246
14473
6397
6776
-23715
-7286
-15933
9420
-10097
-17512
23504
-24440
1542
-17464
9556
-9224
28481
-8898
31116
-28746
16484
8295
23771
-13521
32665
3467
973
-13170
-11882
12567
28047
-28106
11334
16119
3698
9142
10499
24221
2668
-25048
-10071
-16764
-32663
-8217
-3934
-18831
24752
-28706
-20759
16336
24473
-15329
-5863
-6849
-26583
-5131
-2068
21734
-10516
-3732
6987
21320
12703
-13624
31003
23540
6375
1014
28280
-7290
14852
-30608
-28473
-16495
-32302
-11276
10394
-6123
-14148
-2869
-9146
19980
-2630
2843
30750
12145
27099
31887
-3628
-191
8396
27048
-29105
-25888
27783
1089
13404
21695
10141
-9336
24641
-9037
-1092
22321
31319
5759
22230
-31889
-5370
-3214
28752
30339
29289
12982
2259
-26423
14153
-19383
-14887
-32669
-11553
-1623
-2611
24046
5339
-25566
-1415
-31780
2377
11928
-27090
-11901
29086
87
-24684
12796
1009
22766
18637
-19176
22462
-17591
-4884
29515
-2149
4878
10881
-6517
-26536
7380
28667
-28278
16433
-6893
17547
17575
-10250
-3266
-9183
-32289
-25379
11968
20168
2884
21968
-215
1468
31026
1864
-23803
21333
4178
13351
-7591
26320
718
28908
-21589
-32399
-11029
-23676
4103
25240
-23129
25246
13249
-28435
-14098
3709
-23821
11984
11129
27945
23158
-1470
-25614
-21
12813
-27509
-24082
16283
14311
-13741
-1550
11636
-13468
29381
-26187
-30528
7114
-21566
25943
-10500
-21136
10557
-5254
-28583
1556
26892
-3695
27508
4605
-19865
-25963
-4763
-30458
32245
8729
-9136
-24889
-18646
-20957
10282
-16112
-28438
9564
1765
-26328
-32306
-7937
9888
-20141
15052
-20860
8320
20912
6954
-11838
652
-1828
-20916
25598
-8751
-10452
-26490
19767
32441
-2444
26283
28327
-13278
-7068
-5407
-1489
31797
1880
16079
-10108
17338
20890
4183
28211
-19021
4670
-379
14531
22065
15013
20383
30912
30349
27699
-2125
4351
21998
-24274
9139
-17437
7363
-22380
-12066
13047
25568
-11892
-1937
27440
14077
-26206
-9240
-1455
-10036
21027
28789
21790
28037
19390
-14218
9324
7509
-31409
-7644
-1355
-26347
10881
11286
11955
27122
-12597
-27013
-27486
6138
-26075
1689
-6217
9975
-9988
-5994
13113
5056
28995
-24113
-31028
13457
-1457
-9675
5380
23434
8300
11321
-23991
2350
-16147
7458
9506
-12005
-30540
-7247
-5721
-378
23871
24622
-9272
23453
-31256
23633
2014
-12386
-21129
31724
-20269
-3520
-32069
27738
-31563
12052
18822
-30617
-12068
-8091
30088
-28361
-28133
27899
29964
-9392
-27010
-27067
18390
-30777
-24881
-32710
-24623
-28401
-4077
4845
-6500
-24457
10997
29537
15940
11350
-28746
-24637
-8102
-3540
-17716
6650
15073
-27935
-25790
1273
28755
-20088
-7733
23549
-18907
19399
-9133
29357
-20830
7955
-26748
2071
30533
15627
-4029
10536
-2301
-32640
27342
9013
-14198
24553
-2002
-1653
11685
16862
20528
-14469
-14083
19869
-14098
5858
30219
23176
30695
10610
-10944
27045
-25826
25852
2340
12317
17785
-32171
-8130
-12734
17638
18832
-20005
-27513
28841
-13085
19294
3556
18180
-15274
-15491
-18360
-21886
3571
23338
8276
26465
-8344
11250
25145
17468
26780
17659
5516
-32353
-7143
9321
2711
20840
-964
-5860
29768
-4266
24420
11803
4785
9671
-22105
-18237
28038
7968
-31515
-8574
-7843
20062
-23942
-1176
-11395
30442
-11610
30535
-29897
3186
-27834
-1484
9915
-363
12974
6251
-19906
-9609
32162
-23021
27628
-5192
-5604
11807
9322
-13159
-41
-14417
30226
16743
9
29144
-1501
-29712
10878
20620
31082
-9965
2153
32075
24954
6603
-18701
-6772
13426
16190
1170
-6764
-22749
-6940
-3715
-9757
-16359
-12544
-22609
-4978
-4066
-713
-25550
-27612
24261
7960
-17842
720
31912
-16341
14361
-7239
-20042
30890
-15619
-9020
14219
30086
20692
28722
5618
18716
-11473
8108
19240
-19298
-6569
-30898
-22395
2067
20969
25427
1116
-15661
-29830
-28445
7905
26995
-1880
27047
16963
-27372
2457
1287
-12897
-11618
-5738
3676
-17980
-26852
-5966
13382
25210
28740
-1709
23913
995
3994
16979
3822
-23014
-31424
-28142
25346
28949
19411
-26003
-3924
-28069
-4536
16442
31643
-21999
-28309
25149
-26638
-27889
18004
-8157
-9194
7374
32036
-28606
-21488
29002
-17911
-11622
18661
8783
260
27585
26128
11883
10823
-22432
-6079
-1359
22524
-10805
22978
-16977
18728
11160
19950
-30443
-1040
17734
-25243
-1338
-1216
-9373
2343
2688
31622
28001
31857
22946
-7028
-31802
5983
-1451
30945
-14644
15192
31815
30696
31293
18122
-12361
-19175
-30122
-7078
-21541
258
-17587
13791
-9335
9374
-30194
20975
-17018
27110
-12264
9042
-7826
-27978
-25465
6920
-29379
507
3691
-15895
19767
-4208
3562
-3079
10939
-1251
263
30052
-8515
19925
15156
25152
6754
-27270
18122
18606
7635
-2430
30595
21320
-11251
-14087
3328
6059
-10308
-7088
25925
-23797
21483
-19148
-16184
-29261
-22579
-8433
3365
-5468
24840
-12921
22333
-26828
18301
18948
-11794
-31440
19527
-30452
11549
23452
25151
11248
-3384
17384
-2276
-28002
18212
19314
14038
4089
-17925
12153
-21596
-1831
10721
10562
17888
17316
-6692
21655
1645
-8681
-10271
-9795
21048
-26806
16772
-29335
-24852
22413
-13036
-1000
-12540
-17716
14930
-16654
-24717
20023
10645
25575
-6537
-4964
-6393
16338
-2902
2125
-10662
-6197
30076
20937
22568
-1784
16939
13427
-24302
29447
-12467
-4906
-10443
-5844
-4105
-32144
21368
-5842
2377
-20107
16911
-10235
-31279
-23238
-16273
-17995
-24476
-12081
-12642
-31554
20503
24445
-22984
-13414
-1609
25761
10864
-10687
31616
2904
9960
-21594
4654
29344
-22310
29895
-20583
-6717
18943
-10650
10854
-308
10161
-5613
23816
-21584
-21594
6109
22607
11424
8831
-3849
14817
24055
-5510
13078
22407
-21867
-13372
31277
22958
-2007
-27471
-3963
26089
-28761
32725
-22960
22893
7892
-4547
4481
-5012
-22127
11895
-26662
-20570
15380
29487
-15837
-4835
5362
16272
-26725
8179
-5372
30752
2436
2164
-15719
-22732
30081
-17396
19248
-22371
10666
-23333
-13716
-5656
-21200
-8795
-15510
-26116
25542
1041
-1916
-22946
-15333
23397
21330
26449
23947
-24215
12646
-7125
-13464
-6541
-21962
-23767
27888
-30802
-30166
15200
22779
-24979
13987
22114
-26664
-24865
-11153
-19760
-11621
25202
25794
16896
-30121
-31519
3484
-27760
-28267
-17767
6987
15358
23592
19115
-2876
-2703
-24801
-32240
12707
-24297
-21146
-18016
6135
-16185
8668
6601
-27505
-5006
-20532
-10013
-31632
6235
-30386
-4336
-18584
-24825
23658
14333
-8718
27171
-7415
-5538
21821
-15480
24307
9823
-27573
-7933
-6784
25691
-31174
-22936
-28610
-20959
32010
-1942
3427
-5080
-19160
31270
-9998
7257
-3794
10971
-31732
-25879
22872
-15918
27978
14828
15890
-5626
-9416
4949
618
29694
19244
-244
-23567
11359
-20149
-9230
16244
-26659
-14761
-14861
-15951
30647
6352
-14079
-30234
-13674
29174
28694
3733
30704
19052
22054
-18499
5344
-15752
16427
-6888
-29493
8993
-17856
25617
-11729
17939
10664
-9612
17909
-10945
-21577
21484
-26059
-25998
-24108
-13574
-13021
355
10879
20087
-12443
-30252
-4499
25628
-13016
-12123
-7006
1687
-24653
-8804
18938
-12753
17685
30015
-29732
31603
29999
-13545
12221
-20843
-16128
7139
19533
18542
28111
-26801
-23931
-31344
-7238
17500
-21910
29997
-5879
14577
12304
14500
-20181
14336
11262
17814
23479
12574
5785
-15372
3801
-14436
9663
2510
5466
15597
-25203
10477
10943
20315
9048
-28218
-23406
30803
-5946
26572
22324
-7932
24454
19326
-21440
32644
15053
-30062
32550
12700
-16197
-30336
-605
-16119
9544
-13017
5057
18894
8659
-4196
-6545
-17247
20744
-13649
23666
12906
12461
22160
18923
-2482
-10922
5722
18151
3714
-12174
29353
-4662
-20262
-24843
-17339
-14091
-10605
19574
-19091
3967
-24878
13640
-20344
-22285
18112
28576
-20596
19733
28032
-19134
-16342
-26458
29262
-2953
21169
-5251
21008
30474
24411
3741
-20527
27887
19438
-15767
27925
-4617
3274
10693
-27829
-2766
-13073
-32350
-27907
17880
2858
-7166
-3191
-22116
-19263
15140
8334
24276
20927
7861
31817
-2861
29660
-22136
-18093
-7066
-23566
4504
24897
-32487
-30862
-293
-24211
-32007
-31196
-19091
-2227
29071
24889
2617
-30646
-5688
-7982
26067
14389
-23905
16899
-12032
-459
-23690
13385
-5573
32155
18138
2897
-27401
7367
30618
-26035
29463
32506
3256
22984
-18463
26847
4421
-29743
19637
19111
14328
17996
11856
-22152
-9641
1220
-30668
-10041
19414
13826
-13288
30326
21281
-28854
8137
25474
-5583
10833
-28022
-18848
-10827
5514
5722
-9881
32161
-4316
15813
-4409
32260
9477
-9067
16338
-21833
5000
-9699
7864
13161
-29996
-21801
30403
-10499
-26748
5405
9168
-4568
20549
-20482
23360
-3917
-8730
-14591
631
-4844
17619
7841
5470
-30947
32522
19800
7394
-12931
30109
502
-13683
194
-14895
-27699
9606
-16058
-27047
16683
1043
-15400
-23215
-24029
-28439
-10223
23606
31150
-21012
2706
1006
26853
15500
20669
3279
28461
18570
-26044
17810
-8726
-4377
24066
-3895
23444
14538
12708
-27520
-15487
50
-1755
-7028
16145
27754
3206
-19933
-22890
-32141
25766
-24009
-12303
-30014
-7904
-8461
22631
-11552
-17150
-18109
-11069
-32091
-27502
17845
10049
-13086
28610
23316
25479
5911
-7982
6332
4615
-1021
2829
-979
4635
-3335
24924
17220
-4868
-13426
-22333
-24127
-18020
-12798
9078
2741
8901
-18801
-2288
-3037
-13841
-12563
28984
8370
2073
2097
-5889
627
3343
-23963
-16544
29473
10251
-17958
2703
-23556
-15753
-810
16874
31783
-21993
14596
20213
-9943
20462
13717
-12180
4648
-9024
-18113
466
-13680
-13034
-8434
7771
14282
-12252
-21907
-17153
28308
2922
-22933
19771
27633
31179
7149
1185
7496
-1180
11283
30065
31171
-11611
28805
-23309
16593
8172
27970
-6779
18597
-29974
6736
19684
23733
-1287
18998
23061
11323
-18892
8322
-8961
18615
-20954
-6213
-15421
-13419
-17032
6802
-14467
-222
27283
9475
-816
-32090
25752
-52
19141
30062
18845
-1605
-31594
32620
29577
31068
18790
23276
-20392
27169
-19368
24391
-16680
-11840
9794
31261
-5022
26347
-17640
-15823
-32129
5974
-9589
6
-12974
19257
12903
-2091
1763
19793
-11614
19948
-8260
-28127
-10657
18365
-14808
-22823
5785
-18773
-30221
-32242
23123
29229
16688
-1037
31746
-11268
-17398
21192
-24187
-14686
26103
-10103
-2744
-21504
-24621
-15349
2646
23414
24441
32028
21015
5005
-14110
-20814
-15456
-29401
-9028
28400
5051
-304
-7030
17129
11607
17965
13605
-26407
-4995
-18350
5667
-10522
-16439
-6231
30504
8248
-26507
-30221
13905
-21623
21053
-30843
-31132
-29910
18480
20368
-24941
7636
2792
-4607
19212
12279
24590
-7102
-8996
-13895
11250
-31880
-18501
23760
7172
-30299
32100
30500
-24922
-3066
27734
-5846
-31534
-8044
14424
-12800
-4445
8315
-8330
-22974
-24297
-19254
-12912
176
-11383
-30319
3184
-20860
23250
