32703
32676
32621
32557
32471
32469
32240
32179
32145
32106
32094
32074
32018
31913
31864
31708
31690
31641
31597
31550
31547
31476
31453
31357
31310
31203
31155
31088
31065
30947
30811
30775
30643
30470
30466
30345
30323
30259
30227
30041
30037
29909
29897
29876
29866
29849
29832
29795
29789
29768
29761
29731
29669
29617
29556
29465
29361
28963
28956
28856
28854
28822
28773
28747
28733
28703
28569
28487
28469
28411
28317
28262
28246
28211
28082
28074
27936
27918
27896
27799
27792
27651
27633
27393
27296
27256
27251
27189
27123
27043
27038
26984
26919
26847
26814
26804
26758
26615
26611
26610
26584
26412
26333
26321
26177
26053
25981
25967
25836
25822
25813
25791
25710
25679
25524
25502
25452
25449
25395
25328
25314
25215
25190
25149
25141
25095
25079
25052
25027
25020
24979
24816
24743
24696
24668
24599
24593
24593
24541
24473
24272
24271
24160
24122
24016
23994
23917
23901
23838
23775
23699
23455
23448
23407
23256
23194
23168
23116
23112
23061
23024
22974
22951
22908
22892
22795
22795
22777
22667
22530
22511
22162
22037
21911
21901
21867
21768
21710
21641
21555
21419
21409
21396
21337
21267
21098
21051
21006
21001
20967
20889
20620
20538
20415
20383
20308
20274
20237
20217
20189
20178
20173
20065
19982
19974
19911
19842
19801
19770
19692
19662
19531
19410
19402
19368
19271
19203
19172
19161
19154
19104
19103
19093
19050
19047
19044
18915
18840
18828
18759
18721
18686
18675
18633
18631
18509
18479
18457
18382
18281
18237
18222
18174
18133
18061
18011
17998
17939
17929
17929
17916
17610
17591
17571
17553
17369
17342
17260
17241
17233
17204
17199
17157
17132
17117
17064
17022
16895
16769
16754
16717
16589
16586
16497
16405
16339
16321
16320
16256
16090
16002
15765
15581
15568
15477
15433
15377
15319
15296
15290
15145
15144
15100
14984
14962
14835
14804
14790
14693
14481
14381
14286
14248
14161
14119
14108
14066
13998
13946
13851
13810
13773
13642
13540
13519
13452
13377
13370
13165
12983
12946
12935
12927
12911
12826
12779
12759
12600
12581
12570
12529
12527
12472
12319
12294
12253
12245
12212
12087
12078
12033
12021
11980
11698
11504
11393
11267
11238
11094
11069
10996
10935
10891
10883
10872
10844
10790
10761
10748
10720
10700
10700
10698
10670
10663
10654
10635
10599
10538
10459
10426
10350
10324
10312
10285
10270
10258
10189
10144
10134
10103
10006
9984
9658
9505
9425
9405
9364
9290
9273
9102
9090
8935
8934
8707
8684
8636
8510
8421
8339
8315
7993
7986
7961
7915
7811
7666
7590
7551
7531
7470
7452
7441
7357
7301
7283
7195
7104
7103
7075
6878
6862
6767
6558
6463
6421
6407
6379
6329
6300
6238
6097
6038
6038
5906
5893
5821
5752
5692
5676
5651
5638
5507
5471
5450
5279
5220
5158
5137
5045
4949
4907
4883
4860
4795
4632
4580
4489
4464
4346
4235
4229
4202
4157
3917
3760
3591
3586
3582
3565
3529
3523
3239
3210
3184
3154
2943
2927
2734
2593
2461
2451
2401
2286
2208
2145
1990
1943
1936
1898
1866
1862
1710
1401
1344
1267
1071
990
979
846
833
832
826
613
592
565
304
289
205
-26
-40
-53
-65
-75
-113
-119
-138
-225
-361
-415
-555
-666
-698
-893
-906
-1023
-1157
-1238
-1280
-1363
-1430
-1441
-1443
-1497
-1662
-1707
-1771
-1790
-1847
-1892
-1897
-1981
-2018
-2019
-2047
-2151
-2257
-2264
-2270
-2340
-2397
-2403
-2503
-2520
-2534
-2554
-2556
-2645
-2670
-2695
-2872
-3053
-3187
-3241
-3271
-3328
-3380
-3402
-3426
-3432
-3454
-3542
-3730
-3904
-3995
-4006
-4047
-4327
-4434
-4591
-4592
-4629
-4651
-4712
-4715
-4982
-4998
-5033
-5084
-5117
-5174
-5190
-5193
-5225
-5513
-5553
-5610
-5628
-5646
-5907
-5927
-5939
-6125
-6139
-6259
-6464
-6533
-6538
-6595
-6599
-6766
-6816
-6915
-6923
-6932
-7058
-7137
-7162
-7239
-7349
-7373
-7498
-7511
-7603
-7611
-7886
-7918
-7975
-8042
-8044
-8266
-8272
-8326
-8329
-8346
-8400
-8472
-8627
-8692
-8872
-8965
-8978
-8996
-9023
-9227
-9310
-9467
-9507
-9578
-9707
-9768
-9793
-9858
-10133
-10142
-10382
-10382
-10390
-10428
-10485
-10506
-10542
-10600
-10615
-10677
-10679
-10681
-10758
-11146
-11211
-11245
-11323
-11381
-11382
-11400
-11458
-11503
-11514
-11544
-11622
-11647
-11684
-11754
-11798
-11822
-11836
-11857
-12356
-12448
-12503
-12536
-12628
-12674
-12686
-12933
-13043
-13079
-13152
-13171
-13194
-13224
-13336
-13371
-13406
-13509
-13774
-13784
-13787
-13843
-13852
-13874
-13885
-13924
-13973
-13993
-14091
-14118
-14272
-14318
-14398
-14428
-14443
-14631
-14633
-14713
-14878
-14890
-14895
-14907
-15000
-15038
-15248
-15257
-15349
-15407
-15463
-15492
-15567
-15618
-15623
-15787
-15826
-15945
-15948
-16016
-16040
-16081
-16129
-16191
-16251
-16296
-16345
-16371
-16430
-16693
-16742
-16833
-16840
-16857
-16883
-16991
-17014
-17103
-17107
-17118
-17282
-17377
-17420
-17461
-17584
-17668
-17708
-17877
-17889
-17893
-18008
-18018
-18028
-18038
-18085
-18125
-18135
-18154
-18166
-18175
-18283
-18300
-18423
-18490
-18493
-18613
-18677
-18684
-18718
-18792
-18913
-18913
-18990
-18990
-19533
-19664
-19914
-20083
-20183
-20253
-20386
-20403
-20577
-20580
-20643
-20654
-20666
-20722
-20736
-20769
-20851
-20877
-20997
-21060
-21109
-21184
-21219
-21229
-21265
-21284
-21295
-21321
-21358
-21376
-21411
-21447
-21528
-21547
-21575
-21595
-21683
-21693
-21766
-21862
-22056
-22129
-22187
-22197
-22241
-22284
-22312
-22348
-22482
-22566
-22659
-22678
-22688
-22716
-22912
-22974
-23041
-23043
-23101
-23105
-23152
-23231
-23283
-23292
-23390
-23492
-23501
-23639
-23684
-23743
-23893
-23967
-23987
-24007
-24008
-24028
-24099
-24115
-24117
-24118
-24146
-24216
-24241
-24290
-24320
-24346
-24353
-24514
-24557
-24637
-24642
-24671
-24696
-24773
-24828
-24834
-24958
-24979
-25023
-25128
-25191
-25197
-25236
-25264
-25302
-25367
-25385
-25386
-25403
-25428
-25563
-25631
-25834
-25846
-25858
-25880
-26034
-26068
-26134
-26200
-26206
-26248
-26363
-26364
-26484
-26528
-26727
-26781
-26790
-26792
-26803
-26811
-26814
-26867
-26900
-26947
-27005
-27085
-27091
-27296
-27330
-27441
-27504
-27577
-27577
-27621
-27669
-27692
-27714
-27732
-27759
-27760
-27841
-27956
-27999
-28047
-28049
-28119
-28148
-28180
-28213
-28290
-28299
-28313
-28392
-28402
-28504
-28583
-28630
-28765
-28782
-28786
-28892
-28970
-28995
-29001
-29011
-29065
-29074
-29130
-29182
-29218
-29236
-29250
-29744
-29756
-29962
-29977
-29986
-30175
-30211
-30308
-30350
-30397
-30412
-30424
-30432
-30548
-30581
-30614
-30783
-30792
-30836
-30862
-30875
-30906
-30931
-30971
-31000
-31034
-31245
-31620
-31641
-31920
-32046
-32125
-32200
-32261
-32301
-32503
-32612
-32652
-32657
-32701
-32765
