22646
4886
-28433
-20142
1416
-31998
18651
-5699
-28476
24389
-10712
2510
-26869
-14688
-9789
-16423
10585
10285
31426
-23757
30932
-2154
-17189
31329
28692
-10555
16549
-9512
-18060
3753
-12423
-25996
-12529
-17437
12949
-23195
-20416
16105
16282
-25734
11701
20671
12263
-24355
-20053
10808
20945
-27756
-19558
27982
-4144
20222
-2161
-20450
-10466
21659
26439
-20024
29510
-20649
8313
28022
14018
-9905
7391
3625
-4414
25824
25874
20159
-28070
-28297
8177
-32270
-2668
13985
8480
-7627
4099
-2625
-1924
-29972
-14181
-27432
-27593
-13031
142
31286
7900
-8360
-30974
29170
-30833
-25760
4667
-12550
13694
-21624
-2125
21694
26302
-22466
22593
-25484
28464
-23152
18087
1926
4757
20315
30227
-22758
5109
17086
-3487
-14474
-25627
-31928
-28520
14962
-24596
-13261
-32525
8260
8116
20326
-30771
-25547
