-21520
14924
21763
20851
13829
17713
17578
-13007
-1200
6439
-12760
-2324
-5108
-14887
-22850
22428
-27384
-6540
-28704
-32356
29350
-14485
23216
9357
13357
-23271
-29361
13022
-10112
-18696
-24041
-24129
-4565
-8932
29855
-16962
29734
16972
-14369
2963
-2483
-11635
-22848
-12938
-22142
6511
-20175
-17825
-17870
31934
-31783
17398
-22701
-12734
-26534
1993
25705
10548
-300
-16641
-24855
11462
-30877
32678
18443
12673
9313
-20072
610
-14932
30695
-23831
26488
-19090
-2589
15145
-19314
-26740
11258
-8759
7605
12181
-3829
-20608
5997
-29556
-31627
-29541
-31240
-29174
-6077
-8683
-23992
5601
15759
26428
-4084
-18786
24970
-23847
503
-22663
2363
22171
-18240
25542
-20913
-6704
9232
25205
-1539
-11422
11247
13648
-17864
-11075
-28712
18678
-15262
-13985
-15944
-18540
-25508
27870
-28323
24472
25087
29763
-17103
-3527
26969
-5565
21543
-2088
-12637
-26463
-4681
11342
32060
-1758
20888
690
-12843
25620
27067
20783
-32226
-7038
-25629
15748
-3359
-24766
14955
32726
-21025
-31001
-9496
9515
23342
-17913
31196
25072
14606
-24429
6705
29812
-30093
-16036
29141
5994
6652
30838
1355
-1131
17841
-2011
-4186
1650
21634
-10353
13452
7262
-5454
-16634
-14256
11124
-4213
-24028
21080
16858
24155
-15264
-3676
-26909
3561
-24948
13653
2220
6923
-19369
20259
22619
-30003
-9781
12392
-25313
5589
5938
-6410
-6234
9961
-6493
-25269
-28869
14700
-26264
-16215
-7815
3039
29288
1954
-20710
24774
29815
-6541
-1679
25898
-788
-18132
28689
-10008
-15790
-21363
25184
7200
-1885
1071
-22867
-14295
20825
15629
2598
-4693
30080
12249
-1528
-7864
-8405
6816
27726
29087
-19964
5686
-11662
-6064
-20415
