-32756
-32747
-32738
-32737
-32724
-32719
-32711
-32709
-32706
-32696
-32657
-32650
-32621
-32610
-32546
-32535
-32518
-32492
-32480
-32480
-32407
-32382
-32380
-32362
-32341
-32340
-32323
-32321
-32317
-32295
-32280
-32279
-32253
-32232
-32181
-32173
-32172
-32136
-32120
-32096
-32037
-32035
-32012
-32011
-31953
-31898
-31863
-31863
-31786
-31740
-31716
-31703
-31673
-31634
-31619
-31600
-31569
-31545
-31528
-31527
-31523
-31516
-31503
-31500
-31497
-31493
-31491
-31466
-31465
-31450
-31406
-31378
-31356
-31331
-31323
-31308
-31295
-31267
-31252
-31230
-31227
-31221
-31175
-31174
-31145
-31144
-31121
-31112
-31110
-31094
-31092
-31074
-31040
-31014
-31010
-30997
-30990
-30990
-30962
-30939
-30908
-30906
-30883
-30881
-30880
-30876
-30875
-30870
-30869
-30857
-30849
-30826
-30813
-30800
-30789
-30753
-30750
-30749
-30729
-30725
-30683
-30668
-30665
-30649
-30645
-30628
-30589
-30580
-30555
-30548
-30537
-30524
-30524
-30506
-30498
-30487
-30486
-30486
-30465
-30425
-30420
-30406
-30405
-30378
-30336
-30316
-30231
-30220
-30209
-30195
-30193
-30127
-30095
-30088
-30053
-30047
-30033
-30012
-29967
-29957
-29915
-29899
-29881
-29830
-29817
-29814
-29807
-29772
-29740
-29738
-29721
-29707
-29670
-29654
-29641
-29635
-29621
-29570
-29566
-29565
-29546
-29532
-29498
-29485
-29442
-29441
-29436
-29416
-29415
-29409
-29353
-29338
-29328
-29311
-29291
-29286
-29260
-29246
-29221
-29206
-29171
-29144
-29125
-29122
-29116
-29087
-29081
-29055
-29028
-29003
-28978
-28953
-28928
-28925
-28924
-28914
-28910
-28900
-28877
-28875
-28873
-28832
-28827
-28796
-28770
-28751
-28736
-28683
-28679
-28668
-28664
-28660
-28647
-28621
-28601
-28599
-28596
-28595
-28591
-28590
-28587
-28568
-28552
-28548
-28545
-28540
-28540
-28537
-28523
-28488
-28478
-28456
-28443
-28401
-28396
-28359
-28316
-28313
-28306
-28301
-28298
-28264
-28241
-28218
-28211
-28198
-28194
-28193
-28187
-28184
-28182
-28149
-28124
-28116
-28098
-28061
-28056
-28052
-28022
-28019
-27981
-27975
-27934
-27930
-27921
-27917
-27876
-27873
-27873
-27866
-27853
-27840
-27823
-27819
-27807
-27796
-27781
-27743
-27731
-27725
-27711
-27708
-27707
-27706
-27683
-27680
-27645
-27604
-27602
-27598
-27579
-27570
-27559
-27529
-27493
-27473
-27468
-27459
-27430
-27397
-27387
-27347
-27335
-27330
-27325
-27323
-27311
-27248
-27241
-27236
-27217
-27201
-27184
-27154
-27148
-27129
-27123
-27109
-27103
-27071
-27041
-27037
-27035
-27021
-27000
-26997
-26974
-26971
-26955
-26943
-26930
-26927
-26919
-26913
-26912
-26901
-26890
-26865
-26861
-26861
-26860
-26842
-26830
-26809
-26799
-26782
-26756
-26754
-26742
-26714
-26691
-26673
-26671
-26666
-26663
-26660
-26633
-26589
-26581
-26549
-26497
-26471
-26470
-26448
-26435
-26390
-26318
-26289
-26289
-26258
-26246
-26236
-26228
-26207
-26200
-26169
-26160
-26102
-26096
-26077
-26068
-26066
-26026
-25995
-25995
-25994
-25993
-25988
-25978
-25976
-25972
-25968
-25960
-25955
-25949
-25910
-25883
-25868
-25867
-25847
-25827
-25817
-25814
-25810
-25676
-25656
-25632
-25628
-25581
-25544
-25538
-25521
-25491
-25472
-25453
-25402
-25389
-25365
-25303
-25270
-25248
-25239
-25227
-25216
-25210
-25205
-25198
-25168
-25162
-25102
-25091
-25086
-25065
-25057
-25024
-25024
-24947
-24946
-24939
-24886
-24882
-24863
-24859
-24813
-24792
-24770
-24768
-24715
-24655
-24636
-24629
-24623
-24608
-24602
-24588
-24570
-24546
-24534
-24523
-24522
-24515
-24504
-24494
-24468
-24461
-24456
-24452
-24442
-24407
-24385
-24263
-24258
-24252
-24248
-24232
-24207
-24193
-24177
-24171
-24163
-24140
-24126
-24103
-24027
-24025
-24025
-24008
-23997
-23990
-23983
-23948
-23942
-23923
-23901
-23900
-23883
-23857
-23842
-23842
-23836
-23829
-23794
-23792
-23784
-23779
-23761
-23740
-23731
-23730
-23714
-23714
-23704
-23687
-23666
-23655
-23638
-23633
-23630
-23599
-23578
-23547
-23503
-23503
-23500
-23494
-23376
-23346
-23336
-23329
-23273
-23206
-23205
-23203
-23159
-23150
-23100
-23095
-23071
-23038
-23034
-23030
-23017
-23005
-22981
-22966
-22952
-22942
-22939
-22935
-22889
-22881
-22869
-22860
-22842
-22826
-22815
-22771
-22767
-22754
-22734
-22723
-22712
-22686
-22683
-22629
-22629
-22604
-22562
-22495
-22494
-22475
-22461
-22452
-22449
-22438
-22418
-22407
-22385
-22385
-22384
-22383
-22376
-22372
-22360
-22356
-22341
-22330
-22318
-22313
-22313
-22302
-22292
-22291
-22264
-22222
-22219
-22212
-22177
-22158
-22153
-22139
-22106
-22090
-22086
-22075
-22073
-22061
-22029
-22012
-21964
-21960
-21948
-21922
-21913
-21890
-21887
-21870
-21859
-21851
-21848
-21836
-21828
-21821
-21792
-21780
-21770
-21756
-21721
-21720
-21709
-21708
-21680
-21650
-21625
-21615
-21591
-21587
-21557
-21545
-21540
-21540
-21517
-21496
-21486
-21481
-21448
-21439
-21434
-21425
-21397
-21394
-21389
-21378
-21374
-21370
-21367
-21315
-21299
-21289
-21288
-21273
-21256
-21248
-21202
-21175
-21173
-21164
-21163
-21161
-21155
-21133
-21132
-21123
-21115
-21052
-21023
-21020
-21020
-21014
-21011
-21003
-20997
-20994
-20985
-20980
-20967
-20959
-20953
-20895
-20851
-20848
-20826
-20805
-20770
-20737
-20725
-20714
-20681
-20676
-20676
-20673
-20671
-20649
-20646
-20642
-20631
-20618
-20610
-20609
-20549
-20528
-20513
-20510
-20487
-20461
-20460
-20452
-20441
-20440
-20434
-20414
-20380
-20377
-20371
-20368
-20367
-20343
-20340
-20339
-20319
-20317
-20297
-20278
-20259
-20255
-20227
-20212
-20202
-20192
-20178
-20177
-20173
-20172
-20133
-20116
-20103
-20042
-20031
-20027
-20023
-20022
-20022
-20014
-19999
-19999
-19969
-19954
-19946
-19924
-19922
-19913
-19910
-19907
-19905
-19891
-19881
-19869
-19835
-19832
-19827
-19797
-19763
-19753
-19751
-19736
-19725
-19717
-19712
-19707
-19697
-19691
-19685
-19685
-19633
-19615
-19612
-19606
-19603
-19601
-19598
-19563
-19556
-19539
-19530
-19529
-19499
-19496
-19460
-19434
-19428
-19427
-19372
-19353
-19352
-19338
-19328
-19295
-19288
-19287
-19274
-19251
-19242
-19228
-19220
-19197
-19127
-19084
-19065
-19058
-19056
-19040
-19018
-18976
-18955
-18954
-18952
-18942
-18938
-18897
-18886
-18882
-18863
-18848
-18835
-18834
-18822
-18811
-18809
-18803
-18787
-18781
-18779
-18771
-18769
-18763
-18760
-18756
-18745
-18740
-18725
-18711
-18674
-18655
-18596
-18595
-18590
-18574
-18571
-18557
-18482
-18468
-18464
-18462
-18455
-18425
-18380
-18371
-18365
-18362
-18359
-18352
-18345
-18300
-18284
-18254
-18221
-18209
-18204
-18201
-18189
-18178
-18166
-18152
-18132
-18098
-18093
-18086
-18065
-18035
-18025
-18001
-17940
-17938
-17905
-17896
-17890
-17872
-17840
-17836
-17829
-17804
-17803
-17786
-17781
-17763
-17760
-17742
-17716
-17710
-17705
-17689
-17664
-17657
-17646
-17629
-17576
-17575
-17571
-17570
-17555
-17554
-17540
-17499
-17496
-17481
-17479
-17470
-17419
-17403
-17347
-17338
-17334
-17322
-17318
-17314
-17255
-17252
-17235
-17235
-17222
-17210
-17191
-17184
-17162
-17156
-17148
-17141
-17140
-17110
-17088
-17049
-17049
-17032
-17013
-17008
-16981
-16921
-16916
-16878
-16876
-16834
-16800
-16791
-16717
-16664
-16603
-16590
-16590
-16585
-16545
-16518
-16513
-16502
-16497
-16491
-16462
-16461
-16460
-16378
-16368
-16286
-16281
-16262
-16233
-16229
-16224
-16206
-16188
-16139
-16139
-16123
-16116
-16109
-16100
-16070
-16049
-16031
-16031
-16016
-16006
-15993
-15965
-15939
-15937
-15932
-15907
-15907
-15901
-15901
-15870
-15868
-15822
-15815
-15807
-15804
-15797
-15794
-15780
-15778
-15768
-15767
-15727
-15723
-15721
-15717
-15709
-15693
-15684
-15665
-15629
-15605
-15585
-15580
-15536
-15516
-15506
-15505
-15495
-15492
-15479
-15474
-15471
-15469
-15440
-15426
-15420
-15408
-15399
-15390
-15385
-15355
-15304
-15303
-15252
-15250
-15249
-15232
-15229
-15226
-15209
-15207
-15156
-15155
-15152
-15130
-15117
-15094
-15060
-15053
-15031
-15031
-15026
-15023
-15022
-14990
-14987
-14980
-14979
-14972
-14966
-14958
-14951
-14931
-14904
-14890
-14890
-14878
-14871
-14858
-14855
-14828
-14817
-14802
-14797
-14789
-14781
-14777
-14758
-14733
-14720
-14672
-14658
-14635
-14628
-14616
-14550
-14522
-14510
-14481
-14456
-14456
-14455
-14452
-14430
-14426
-14399
-14398
-14394
-14377
-14370
-14365
-14361
-14337
-14322
-14321
-14302
-14294
-14283
-14270
-14221
-14145
-14140
-14137
-14108
-14096
-14072
-14068
-14050
-14039
-13988
-13964
-13948
-13930
-13911
-13903
-13891
-13886
-13882
-13876
-13862
-13845
-13833
-13828
-13805
-13784
-13777
-13770
-13741
-13719
-13707
-13705
-13700
-13696
-13686
-13674
-13670
-13635
-13627
-13619
-13604
-13600
-13589
-13589
-13580
-13570
-13555
-13555
-13532
-13530
-13503
-13497
-13479
-13471
-13460
-13429
-13426
-13407
-13399
-13342
-13331
-13321
-13288
-13270
-13260
-13211
-13197
-13188
-13182
-13168
-13140
-13138
-13131
-13109
-13095
-13077
-13057
-13056
-13048
-13034
-13024
-12959
-12951
-12948
-12947
-12941
-12926
-12926
-12919
-12912
-12903
-12869
-12855
-12848
-12832
-12822
-12809
-12806
-12763
-12744
-12712
-12653
-12651
-12615
-12593
-12592
-12543
-12528
-12499
-12483
-12470
-12385
-12372
-12359
-12270
-12249
-12245
-12238
-12178
-12069
-12059
-12054
-12048
-12039
-12027
-12005
-12004
-11978
-11955
-11940
-11925
-11905
-11901
-11891
-11886
-11872
-11858
-11831
-11822
-11821
-11810
-11802
-11743
-11718
-11696
-11694
-11684
-11653
-11639
-11633
-11619
-11612
-11585
-11575
-11573
-11564
-11559
-11552
-11508
-11489
-11486
-11463
-11382
-11363
-11347
-11343
-11337
-11303
-11266
-11227
-11187
-11160
-11154
-11142
-11107
-11101
-11088
-11062
-11052
-11049
-11021
-10994
-10971
-10967
-10959
-10925
-10879
-10878
-10860
-10856
-10855
-10848
-10819
-10795
-10792
-10781
-10779
-10770
-10746
-10736
-10719
-10717
-10687
-10674
-10648
-10633
-10632
-10625
-10601
-10573
-10558
-10531
-10477
-10476
-10463
-10460
-10456
-10449
-10447
-10446
-10397
-10394
-10388
-10379
-10371
-10371
-10365
-10348
-10330
-10322
-10300
-10291
-10282
-10264
-10233
-10219
-10203
-10197
-10180
-10163
-10161
-10127
-10115
-10090
-10039
-9981
-9979
-9977
-9974
-9971
-9970
-9940
-9938
-9930
-9869
-9867
-9856
-9845
-9836
-9822
-9815
-9783
-9773
-9740
-9721
-9711
-9691
-9690
-9687
-9667
-9660
-9639
-9624
-9609
-9605
-9592
-9573
-9564
-9563
-9561
-9526
-9507
-9502
-9501
-9499
-9496
-9434
-9431
-9410
-9398
-9387
-9384
-9378
-9370
-9361
-9359
-9347
-9345
-9319
-9312
-9297
-9275
-9247
-9246
-9241
-9230
-9227
-9196
-9195
-9195
-9188
-9166
-9164
-9143
-9143
-9122
-9107
-9085
-9070
-9062
-9029
-9009
-9004
-8984
-8957
-8944
-8933
-8933
-8895
-8889
-8854
-8853
-8819
-8807
-8800
-8799
-8795
-8787
-8785
-8778
-8773
-8752
-8751
-8740
-8734
-8722
-8672
-8667
-8650
-8621
-8594
-8592
-8581
-8552
-8550
-8548
-8544
-8513
-8488
-8476
-8468
-8418
-8386
-8380
-8374
-8342
-8307
-8292
-8287
-8258
-8210
-8201
-8192
-8191
-8089
-7976
-7964
-7933
-7918
-7912
-7893
-7887
-7884
-7883
-7877
-7855
-7840
-7834
-7820
-7810
-7809
-7809
-7724
-7694
-7693
-7691
-7681
-7675
-7666
-7659
-7658
-7604
-7588
-7573
-7571
-7561
-7544
-7540
-7491
-7487
-7478
-7475
-7471
-7462
-7440
-7417
-7376
-7346
-7342
-7326
-7315
-7295
-7270
-7229
-7221
-7211
-7196
-7189
-7179
-7166
-7152
-7129
-7085
-7029
-7026
-6975
-6969
-6963
-6916
-6900
-6899
-6881
-6864
-6838
-6828
-6824
-6813
-6797
-6769
-6767
-6767
-6746
-6744
-6741
-6698
-6696
-6695
-6692
-6629
-6619
-6607
-6598
-6564
-6562
-6556
-6509
-6492
-6475
-6474
-6423
-6387
-6372
-6368
-6361
-6347
-6339
-6303
-6300
-6278
-6257
-6255
-6231
-6221
-6219
-6212
-6197
-6184
-6184
-6152
-6150
-6122
-6102
-6093
-6033
-6025
-6002
-5996
-5979
-5959
-5955
-5883
-5853
-5820
-5817
-5794
-5772
-5765
-5764
-5741
-5740
-5701
-5699
-5672
-5663
-5645
-5621
-5591
-5580
-5580
-5561
-5549
-5530
-5521
-5519
-5465
-5462
-5456
-5423
-5418
-5403
-5356
-5343
-5343
-5340
-5306
-5278
-5262
-5256
-5249
-5246
-5191
-5180
-5138
-5124
-5119
-5102
-5101
-5096
-5058
-5035
-5031
-4981
-4980
-4955
-4952
-4949
-4922
-4864
-4819
-4813
-4810
-4806
-4804
-4795
-4761
-4750
-4735
-4734
-4709
-4705
-4704
-4694
-4693
-4685
-4677
-4670
-4660
-4643
-4642
-4592
-4569
-4568
-4550
-4544
-4539
-4537
-4533
-4530
-4519
-4511
-4509
-4508
-4500
-4497
-4485
-4447
-4447
-4441
-4439
-4436
-4410
-4402
-4397
-4372
-4361
-4322
-4322
-4306
-4302
-4285
-4282
-4257
-4255
-4255
-4251
-4221
-4200
-4199
-4199
-4172
-4154
-4140
-4123
-4121
-4117
-4111
-4080
-4061
-4044
-4028
-4004
-4001
-3993
-3982
-3950
-3929
-3915
-3908
-3903
-3871
-3864
-3854
-3848
-3847
-3843
-3795
-3772
-3771
-3751
-3749
-3723
-3690
-3666
-3644
-3577
-3555
-3546
-3523
-3520
-3501
-3479
-3469
-3465
-3425
-3354
-3347
-3320
-3266
-3241
-3238
-3217
-3203
-3164
-3154
-3134
-3106
-3106
-3097
-3085
-3078
-3076
-3069
-3055
-3047
-3020
-3004
-3000
-2973
-2933
-2838
-2807
-2794
-2784
-2778
-2777
-2776
-2775
-2764
-2762
-2752
-2728
-2715
-2690
-2687
-2673
-2666
-2660
-2643
-2619
-2603
-2541
-2526
-2526
-2524
-2483
-2478
-2474
-2469
-2453
-2433
-2420
-2393
-2380
-2377
-2344
-2307
-2305
-2289
-2281
-2267
-2263
-2250
-2219
-2181
-2105
-2098
-2078
-2075
-2064
-2056
-2045
-2034
-2030
-2012
-2002
-1993
-1961
-1951
-1951
-1943
-1924
-1915
-1861
-1845
-1842
-1823
-1819
-1797
-1789
-1789
-1722
-1709
-1683
-1654
-1643
-1638
-1622
-1606
-1589
-1562
-1556
-1503
-1500
-1491
-1483
-1445
-1444
-1443
-1439
-1425
-1410
-1410
-1405
-1404
-1403
-1399
-1397
-1386
-1341
-1290
-1286
-1228
-1209
-1185
-1183
-1171
-1166
-1143
-1124
-1118
-1104
-1101
-1067
-1062
-1046
-1006
-993
-958
-952
-947
-941
-900
-839
-831
-824
-810
-800
-798
-789
-787
-776
-770
-739
-727
-705
-700
-690
-667
-625
-610
-605
-573
-549
-516
-508
-482
-480
-476
-415
-406
-397
-388
-371
-366
-366
-363
-326
-304
-301
-276
-260
-257
-212
-190
-179
-177
-154
-148
-141
-115
-72
-68
-57
-43
23
25
42
77
141
149
167
205
212
213
216
217
271
294
303
371
383
384
398
407
416
418
431
434
462
468
499
506
509
529
531
551
567
602
610
627
635
647
660
672
686
692
698
703
703
703
735
749
751
760
763
767
771
776
790
811
861
863
916
930
938
944
948
954
969
995
1030
1042
1080
1080
1096
1154
1164
1223
1245
1254
1255
1273
1274
1297
1311
1323
1326
1353
1359
1369
1390
1391
1396
1396
1405
1413
1432
1447
1452
1458
1468
1503
1513
1513
1546
1570
1587
1597
1651
1662
1662
1667
1684
1692
1694
1699
1706
1708
1716
1723
1741
1745
1746
1748
1754
1784
1789
1790
1802
1806
1827
1856
1863
1867
1882
1904
1916
1939
1979
2007
2029
2032
2059
2065
2074
2088
2088
2094
2099
2130
2160
2164
2192
2209
2228
2247
2278
2296
2305
2332
2337
2391
2398
2398
2398
2431
2483
2506
2515
2518
2552
2585
2609
2615
2625
2634
2660
2662
2664
2699
2710
2719
2739
2749
2763
2775
2797
2827
2839
2852
2944
2976
2980
2985
2987
2997
3004
3012
3036
3075
3077
3080
3123
3127
3144
3159
3162
3163
3173
3198
3265
3279
3282
3284
3285
3309
3322
3334
3356
3375
3388
3398
3420
3428
3458
3461
3461
3514
3521
3524
3526
3559
3561
3561
3572
3616
3635
3674
3678
3719
3744
3764
3764
3765
3771
3781
3789
3817
3856
3868
3881
3886
3893
3893
3899
3905
3913
3916
3925
3939
3959
3968
3971
3986
3995
4000
4012
4028
4037
4046
4056
4116
4149
4149
4198
4237
4335
4359
4390
4391
4423
4463
4473
4562
4564
4568
4577
4605
4606
4609
4662
4668
4671
4698
4703
4716
4728
4730
4741
4749
4751
4761
4772
4779
4800
4811
4836
4850
4946
4948
4959
4986
4991
5004
5021
5034
5035
5050
5051
5058
5071
5094
5140
5144
5154
5169
5187
5206
5218
5235
5251
5312
5315
5345
5392
5393
5466
5501
5512
5521
5542
5556
5659
5677
5680
5682
5692
5692
5713
5721
5745
5762
5771
5775
5776
5783
5793
5793
5845
5879
5912
5932
5965
5984
5985
5996
6013
6091
6116
6127
6128
6140
6164
6173
6190
6210
6221
6223
6243
6258
6266
6271
6275
6288
6294
6316
6342
6363
6391
6392
6396
6405
6411
6433
6460
6582
6631
6645
6689
6693
6694
6698
6700
6703
6717
6719
6730
6733
6737
6762
6777
6794
6812
6831
6847
6849
6853
6856
6905
6914
6916
6929
6944
6968
6990
7001
7008
7015
7054
7061
7071
7077
7115
7147
7152
7165
7194
7207
7223
7233
7240
7244
7254
7268
7273
7277
7298
7334
7336
7354
7403
7413
7419
7443
7456
7464
7467
7477
7483
7504
7507
7524
7572
7589
7596
7619
7633
7639
7639
7693
7701
7717
7718
7720
7726
7734
7739
7741
7752
7770
7773
7775
7782
7785
7802
7807
7862
7892
7929
7936
7942
7971
7973
7977
7983
7985
7994
7995
7997
8009
8012
8012
8018
8056
8064
8067
8082
8086
8103
8106
8113
8113
8113
8117
8124
8141
8148
8182
8189
8197
8206
8231
8293
8294
8298
8343
8343
8359
8360
8378
8394
8402
8428
8434
8445
8481
8484
8490
8500
8511
8516
8528
8532
8532
8534
8597
8641
8653
8657
8670
8685
8692
8753
8756
8765
8822
8828
8839
8848
8860
8890
8938
8954
8993
9012
9047
9072
9095
9123
9157
9164
9170
9172
9247
9265
9269
9316
9329
9339
9341
9354
9359
9370
9420
9428
9478
9479
9514
9545
9549
9556
9599
9648
9665
9699
9703
9704
9727
9742
9747
9760
9772
9792
9806
9847
9929
9942
9951
9961
9963
9969
9976
10001
10018
10038
10050
10068
10090
10093
10094
10098
10131
10160
10188
10215
10220
10240
10258
10274
10276
10287
10298
10301
10333
10394
10439
10440
10467
10474
10560
10580
10597
10605
10697
10708
10742
10751
10755
10756
10782
10789
10801
10802
10805
10808
10812
10813
10828
10853
10883
10883
10900
10977
10982
11002
11021
11033
11043
11061
11073
11108
11121
11145
11183
11191
11207
11209
11210
11251
11258
11274
11348
11351
11358
11362
11381
11385
11387
11400
11431
11435
11444
11456
11478
11482
11485
11495
11499
11506
11507
11523
11541
11550
11558
11558
11575
11618
11657
11687
11719
11723
11738
11746
11747
11752
11762
11785
11788
11852
11881
11902
11975
11998
12032
12036
12042
12051
12065
12068
12095
12153
12154
12158
12166
12184
12190
12197
12219
12225
12241
12248
12250
12250
12253
12281
12298
12306
12310
12320
12333
12334
12349
12350
12384
12389
12394
12395
12398
12425
12429
12432
12444
12455
12483
12514
12525
12526
12529
12537
12543
12559
12561
12564
12610
12613
12619
12656
12664
12675
12707
12716
12717
12726
12728
12746
12747
12747
12751
12752
12771
12788
12807
12823
12833
12835
12847
12862
12879
12891
12892
12896
12896
12943
12975
12979
13017
13028
13041
13048
13062
13064
13095
13101
13102
13112
13117
13144
13179
13196
13198
13202
13213
13273
13279
13281
13285
13287
13293
13316
13318
13347
13359
13365
13417
13425
13426
13440
13441
13463
13484
13496
13521
13546
13576
13577
13588
13599
13626
13643
13652
13663
13671
13675
13696
13704
13727
13774
13793
13855
13861
13861
13866
13883
13888
13914
13918
13920
13925
13940
13964
14019
14020
14040
14061
14077
14099
14106
14115
14126
14161
14188
14195
14222
14229
14248
14261
14265
14265
14268
14278
14290
14336
14347
14349
14368
14384
14385
14417
14423
14460
14484
14499
14502
14506
14512
14541
14560
14565
14619
14640
14661
14677
14677
14718
14720
14731
14776
14781
14787
14799
14901
14923
14942
14956
14957
14969
14972
14978
14992
14993
15002
15008
15013
15073
15094
15104
15117
15124
15130
15174
15179
15183
15199
15201
15225
15225
15266
15268
15281
15307
15311
15315
15357
15371
15406
15420
15423
15429
15458
15468
15480
15497
15505
15583
15622
15626
15628
15681
15688
15690
15707
15717
15744
15752
15754
15772
15812
15816
15818
15825
15837
15865
15866
15869
15872
15896
15925
15928
15962
15991
15995
15999
16000
16024
16025
16028
16031
16039
16048
16056
16057
16061
16089
16093
16097
16135
16150
16174
16182
16186
16191
16218
16221
16227
16234
16234
16255
16272
16279
16281
16303
16354
16373
16405
16431
16448
16519
16564
16569
16577
16588
16604
16613
16614
16620
16678
16703
16709
16712
16724
16736
16739
16757
16760
16764
16766
16782
16800
16834
16845
16851
16872
16874
16882
16884
16913
16914
16934
16935
16979
16981
17010
17019
17027
17028
17077
17103
17120
17156
17162
17173
17181
17192
17218
17230
17255
17274
17283
17310
17318
17346
17401
17410
17441
17460
17491
17493
17500
17500
17560
17567
17591
17603
17616
17621
17629
17629
17659
17662
17668
17679
17682
17691
17751
17774
17782
17801
17802
17803
17804
17806
17809
17818
17849
17852
17856
17867
17886
17908
17910
17911
17915
17925
17925
17945
17950
17999
18000
18015
18025
18034
18040
18042
18064
18076
18079
18101
18108
18126
18138
18147
18158
18170
18172
18197
18199
18199
18219
18232
18249
18255
18284
18295
18300
18312
18316
18321
18321
18323
18328
18345
18385
18390
18419
18424
18424
18442
18443
18460
18466
18469
18475
18481
18493
18500
18627
18653
18655
18664
18677
18706
18710
18747
18761
18771
18796
18823
18827
18835
18839
18880
18886
18886
18887
18904
18918
18972
18972
18983
19023
19077
19078
19093
19096
19158
19168
19196
19199
19217
19224
19228
19240
19245
19275
19380
19387
19413
19414
19444
19455
19473
19479
19480
19490
19587
19595
19602
19622
19624
19629
19640
19647
19652
19661
19700
19704
19711
19713
19725
19732
19738
19786
19790
19805
19826
19851
19882
19910
19938
19957
19959
19972
19974
19978
19981
19989
20002
20010
20017
20031
20037
20038
20041
20089
20090
20091
20117
20128
20137
20145
20161
20164
20165
20176
20180
20184
20219
20251
20275
20282
20321
20325
20333
20359
20367
20401
20411
20420
20425
20427
20431
20435
20454
20456
20463
20479
20535
20543
20565
20566
20573
20575
20584
20593
20600
20604
20610
20616
20617
20656
20657
20691
20702
20714
20730
20759
20760
20795
20823
20825
20831
20840
20847
20873
20883
20904
20917
20919
20921
20925
20934
20944
20998
21003
21006
21010
21039
21045
21049
21058
21089
21091
21104
21110
21183
21204
21241
21252
21256
21260
21270
21270
21271
21290
21298
21301
21311
21317
21329
21345
21349
21357
21379
21414
21415
21417
21428
21436
21442
21446
21450
21454
21455
21466
21485
21501
21556
21556
21563
21565
21588
21598
21598
21618
21625
21642
21650
21654
21695
21699
21704
21724
21728
21745
21747
21749
21763
21766
21767
21774
21827
21857
21866
21866
21870
21891
21916
21924
21929
21935
21959
21967
21984
21985
21986
21987
22004
22022
22033
22050
22070
22070
22091
22118
22137
22149
22165
22212
22215
22223
22258
22266
22299
22327
22329
22336
22341
22454
22463
22490
22496
22497
22522
22530
22571
22580
22596
22601
22623
22634
22640
22655
22677
22686
22693
22703
22704
22710
22711
22713
22726
22773
22789
22831
22831
22842
22857
22869
22877
22894
22901
22919
22947
22953
22961
23016
23022
23035
23037
23047
23063
23131
23166
23200
23259
23266
23274
23283
23286
23288
23295
23296
23301
23303
23324
23345
23346
23357
23378
23414
23438
23443
23474
23479
23486
23498
23513
23562
23565
23590
23614
23615
23615
23629
23643
23658
23662
23662
23668
23670
23712
23722
23746
23760
23776
23788
23803
23820
23848
23875
23880
23906
23911
23926
23928
23965
23973
24009
24057
24058
24196
24207
24242
24255
24259
24281
24322
24330
24335
24363
24366
24383
24383
24412
24416
24435
24448
24455
24555
24587
24593
24611
24612
24621
24636
24654
24668
24703
24707
24716
24724
24729
24754
24777
24787
24805
24837
24853
24865
24868
24903
24912
24951
24957
24961
24966
24966
24972
24985
24985
25008
25032
25038
25044
25049
25065
25067
25069
25070
25100
25105
25110
25115
25126
25156
25159
25212
25215
25270
25361
25363
25380
25383
25390
25395
25408
25441
25442
25452
25481
25515
25535
25541
25546
25576
25582
25597
25625
25636
25643
25651
25652
25668
25669
25687
25689
25714
25719
25734
25751
25756
25804
25809
25847
25865
25883
25889
25899
25922
25945
25981
26008
26033
26035
26044
26071
26079
26088
26100
26126
26130
26135
26140
26140
26208
26215
26218
26226
26257
26263
26269
26275
26288
26297
26358
26362
26383
26384
26388
26403
26437
26452
26460
26476
26476
26477
26504
26519
26529
26530
26531
26545
26559
26559
26561
26590
26598
26613
26617
26667
26681
26692
26692
26697
26698
26705
26710
26724
26748
26761
26784
26826
26837
26887
26899
26913
26929
26935
26974
27036
27046
27049
27050
27094
27101
27127
27132
27137
27170
27187
27224
27236
27252
27255
27277
27292
27322
27327
27340
27357
27401
27414
27415
27438
27449
27491
27516
27531
27557
27559
27583
27602
27606
27619
27625
27626
27626
27633
27639
27718
27730
27763
27799
27829
27841
27863
27871
27871
27883
27888
27931
27932
27935
27943
27948
27959
27980
27982
27986
27993
28019
28069
28073
28091
28101
28127
28136
28141
28146
28161
28189
28192
28196
28212
28217
28219
28220
28222
28282
28307
28359
28361
28368
28385
28407
28410
28411
28415
28419
28446
28448
28454
28455
28458
28484
28493
28498
28500
28505
28531
28584
28607
28630
28646
28651
28684
28685
28698
28706
28732
28736
28759
28781
28782
28786
28826
28830
28835
28890
28941
28946
28957
28963
28965
28982
29003
29007
29007
29017
29042
29062
29073
29103
29110
29157
29160
29184
29272
29277
29308
29317
29323
29333
29350
29357
29382
29390
29407
29411
29413
29424
29460
29461
29465
29467
29499
29538
29547
29551
29555
29610
29624
29624
29646
29649
29662
29678
29690
29712
29727
29739
29746
29753
29754
29755
29781
29813
29848
29852
29920
29934
29948
29953
29984
29994
29995
30000
30047
30060
30073
30082
30086
30088
30090
30119
30148
30151
30158
30175
30189
30196
30203
30215
30231
30236
30257
30258
30259
30293
30299
30346
30354
30388
30393
30403
30439
30441
30451
30476
30476
30520
30533
30534
30556
30567
30572
30578
30578
30582
30585
30586
30588
30608
30624
30647
30649
30666
30702
30716
30718
30729
30748
30804
30807
30819
30833
30838
30856
30858
30895
30921
30939
30953
30959
30961
30979
30982
31018
31041
31042
31049
31051
31114
31118
31134
31137
31153
31168
31219
31261
31265
31282
31306
31313
31361
31369
31371
31410
31410
31416
31417
31423
31427
31430
31450
31467
31483
31507
31529
31553
31592
31593
31596
31604
31613
31620
31641
31642
31646
31686
31686
31689
31695
31696
31696
31728
31756
31774
31778
31809
31857
31894
31899
31902
31918
31918
31926
31933
31934
31935
31942
31971
31974
32016
32030
32031
32077
32108
32112
32138
32140
32147
32197
32199
32232
32277
32301
32304
32306
32351
32367
32418
32420
32428
32429
32453
32474
32482
32493
32502
32523
32525
32533
32565
32569
32570
32579
32586
32610
32632
32642
32663
32678
32720
32739
32749
32762
