-32356
-32226
-31783
-31627
-31240
-31001
-30877
-30093
-30003
-29556
-29541
-29361
-29174
-28869
-28712
-28704
-28323
-27384
-26909
-26740
-26534
-26463
-26264
-25629
-25508
-25313
-25269
-24948
-24855
-24766
-24429
-24129
-24041
-24028
-23992
-23847
-23831
-23271
-22867
-22850
-22848
-22701
-22663
-22142
-21520
-21363
-21025
-20913
-20710
-20608
-20415
-20175
-20072
-19964
-19369
-19314
-19090
-18786
-18696
-18540
-18240
-18132
-17913
-17870
-17864
-17825
-17103
-16962
-16641
-16634
-16215
-16036
-15944
-15790
-15264
-15262
-14932
-14887
-14485
-14369
-14295
-14256
-13985
-13007
-12938
-12843
-12760
-12734
-12637
-11662
-11635
-11422
-11075
-10353
-10112
-10008
-9781
-9496
-8932
-8759
-8683
-8405
-7864
-7815
-7038
-6704
-6541
-6540
-6493
-6410
-6234
-6077
-6064
-5565
-5454
-5108
-4693
-4681
-4565
-4213
-4186
-4084
-3829
-3676
-3527
-3359
-2589
-2483
-2324
-2088
-2011
-1885
-1758
-1679
-1539
-1528
-1200
-1131
-788
-300
503
610
690
1071
1355
1650
1954
1993
2220
2363
2598
2963
3039
3561
5589
5601
5686
5938
5994
5997
6439
6511
6652
6705
6816
6923
7200
7262
7605
9232
9313
9357
9515
9961
10548
11124
11247
11258
11342
11462
12181
12249
12392
12673
13022
13357
13452
13648
13653
13829
14606
14700
14924
14955
15145
15629
15748
15759
16858
16972
17398
17578
17713
17841
18443
18678
20259
20783
20825
20851
20888
21080
21543
21634
21763
22171
22428
22619
23216
23342
24155
24472
24774
24970
25072
25087
25184
25205
25542
25620
25705
25898
26428
26488
26969
27067
27726
27870
28689
29087
29141
29288
29350
29734
29763
29812
29815
29855
30080
30695
30838
31196
31934
32060
32678
32726
