32759
32751
32748
32737
32733
32727
32725
32672
32665
32664
32644
32625
32620
32620
32617
32615
32611
32606
32594
32550
32549
32544
32534
32522
32517
32507
32506
32498
32494
32488
32443
32441
32417
32402
32382
32375
32353
32346
32345
32340
32339
32338
32322
32313
32312
32305
32304
32301
32292
32279
32267
32265
32264
32261
32260
32245
32241
32235
32194
32188
32162
32161
32157
32155
32151
32137
32120
32109
32105
32104
32102
32100
32094
32084
32082
32077
32076
32075
32075
32049
32036
32034
32031
32028
32022
32010
32003
32001
31997
31987
31984
31973
31968
31962
31960
31958
31941
31931
31912
31911
31910
31900
31897
31894
31887
31871
31859
31858
31857
31839
31830
31829
31823
31822
31819
31817
31815
31808
31797
31792
31783
31782
31778
31774
31757
31752
31746
31746
31740
31739
31724
31722
31721
31712
31695
31695
31694
31692
31684
31682
31677
31663
31662
31654
31647
31643
31639
31630
31622
31619
31619
31618
31616
31615
31615
31614
31614
31604
31603
31603
31602
31594
31592
31584
31576
31574
31568
31563
31554
31524
31506
31498
31481
31448
31426
31409
31404
31402
31401
31397
31393
31384
31381
31380
31379
31371
31369
31357
31354
31351
31349
31319
31317
31301
31296
31293
31288
31288
31282
31282
31277
31273
31270
31269
31261
31251
31228
31216
31208
31182
31179
31174
31171
31170
31163
31150
31147
31139
31134
31116
31098
31082
31068
31066
31063
31061
31059
31057
31037
31026
31012
31003
31000
30997
30992
30962
30955
30947
30945
30912
30908
30907
30890
30888
30873
30852
30839
30829
30827
30814
30807
30807
30804
30803
30796
30782
30769
30767
30765
30763
30753
30752
30750
30746
30741
30728
30704
30702
30696
30695
30670
30663
30655
30647
30636
30618
30618
30603
30595
30594
30589
30583
30538
30537
30535
30535
30533
30529
30525
30520
30504
30500
30490
30489
30476
30474
30465
30447
30446
30442
30438
30421
30403
30394
30391
30373
30365
30360
30349
30339
30336
30326
30324
30319
30311
30307
30288
30281
30274
30250
30249
30245
30237
30234
30226
30219
30208
30206
30198
30198
30185
30185
30164
30161
30160
30129
30120
30119
30114
30114
30114
30110
30109
30109
30088
30086
30081
30076
30074
30071
30065
30062
30061
30060
30052
30052
30040
30015
30007
30004
30000
29999
29997
29992
29990
29985
29980
29974
29964
29936
29919
29911
29909
29904
29900
29895
29891
29872
29865
29848
29804
29785
29773
29772
29772
29768
29761
29747
29746
29733
29732
29726
29710
29694
29690
29687
29685
29660
29641
29627
29608
29598
29595
29594
29591
29578
29577
29569
29537
29515
29511
29487
29482
29473
29463
29447
29442
29430
29427
29424
29413
29410
29404
29385
29381
29362
29357
29353
29344
29340
29334
29329
29324
29289
29273
29262
29256
29251
29239
29232
29229
29229
29228
29223
29216
29203
29185
29183
29183
29174
29169
29163
29149
29144
29137
29126
29086
29085
29083
29082
29082
29082
29081
29080
29078
29071
29063
29055
29054
29054
29034
29033
29026
29017
29016
29007
29002
29002
28995
28992
28985
28984
28984
28982
28954
28951
28949
28943
28942
28942
28936
28931
28929
28925
28908
28875
28869
28869
28841
28836
28805
28801
28800
28789
28781
28781
28777
28776
28762
28757
28755
28752
28748
28744
28740
28729
28722
28721
28718
28714
28713
28712
28694
28690
28681
28680
28677
28667
28639
28630
28610
28609
28595
28592
28584
28576
28575
28562
28558
28549
28545
28545
28545
28540
28540
28537
28528
28522
28518
28481
28461
28452
28449
28428
28413
28406
28401
28400
28393
28387
28381
28379
28374
28373
28372
28371
28368
28360
28346
28337
28333
28327
28319
28317
28311
28308
28304
28296
28292
28291
28290
28284
28280
28277
28273
28266
28248
28236
28234
28228
28211
28200
28192
28188
28168
28159
28154
28152
28138
28128
28115
28113
28111
28090
28083
28075
28071
28070
28053
28047
28042
28040
28038
28037
28032
28028
28009
28004
28003
28001
27991
27988
27978
27977
27976
27973
27972
27970
27964
27951
27950
27945
27944
27925
27923
27914
27912
27905
27899
27897
27888
27887
27886
27874
27853
27850
27842
27834
27793
27783
27778
27772
27770
27765
27754
27747
27740
27738
27734
27734
27733
27728
27726
27710
27699
27694
27688
27678
27673
27633
27628
27625
27617
27610
27586
27585
27579
27576
27573
27563
27556
27535
27528
27508
27492
27485
27482
27479
27472
27448
27447
27440
27412
27399
27399
27397
27365
27356
27342
27341
27310
27307
27304
27296
27288
27285
27283
27283
27280
27268
27261
27258
27255
27250
27248
27247
27238
27202
27199
27191
27185
27185
27172
27171
27169
27168
27152
27130
27122
27112
27110
27109
27107
27099
27097
27097
27094
27094
27087
27061
27048
27047
27045
27041
27036
27015
27015
27012
26995
26992
26991
26991
26983
26978
26967
26956
26941
26940
26940
26938
26935
26922
26904
26896
26892
26887
26878
26865
26853
26850
26847
26841
26826
26819
26817
26808
26807
26807
26801
26801
26791
26786
26780
26777
26761
26753
26752
26733
26694
26664
26636
26627
26606
26578
26573
26572
26547
26545
26533
26517
26511
26504
26501
26493
26490
26481
26474
26465
26465
26463
26453
26453
26449
26440
26435
26431
26422
26417
26412
26376
26369
26358
26347
26338
26334
26320
26292
26283
26280
26278
26276
26269
26265
26257
26253
26251
26223
26211
26206
26187
26168
26167
26151
26138
26133
26128
26103
26093
26089
26086
26069
26067
26066
26053
26051
26038
26037
26034
26034
26018
26017
25998
25968
25959
25952
25948
25945
25943
25926
25925
25924
25920
25915
25905
25863
25862
25861
25860
25855
25852
25835
25818
25817
25812
25809
25805
25800
25799
25796
25794
25772
25768
25767
25766
25761
25761
25752
25746
25746
25704
25691
25691
25687
25684
25675
25660
25628
25624
25623
25617
25610
25598
25584
25583
25575
25568
25563
25550
25542
25538
25538
25513
25486
25479
25479
25477
25474
25427
25426
25426
25417
25399
25393
25386
25376
25369
25365
25360
25346
25343
25301
25283
25263
25257
25249
25246
25246
25240
25236
25222
25217
25217
25210
25206
25203
25202
25196
25182
25176
25176
25174
25174
25160
25158
25152
25152
25151
25151
25149
25149
25149
25145
25129
25128
25113
25084
25067
25065
25052
25048
25036
25022
24990
24978
24966
24954
24954
24933
24924
24918
24918
24897
24896
24896
24891
24889
24861
24844
24842
24840
24840
24835
24820
24818
24794
24781
24752
24750
24742
24732
24716
24715
24715
24680
24675
24657
24656
24641
24641
24622
24619
24602
24599
24599
24596
24590
24588
24585
24571
24555
24553
24551
24517
24486
24478
24473
24458
24454
24453
24445
24441
24434
24429
24428
24424
24420
24418
24417
24411
24394
24391
24388
24388
24371
24369
24365
24347
24330
24315
24314
24308
24307
24303
24299
24297
24276
24272
24262
24261
24261
24260
24253
24244
24237
24233
24232
24228
24221
24214
24210
24205
24186
24175
24164
24146
24146
24135
24131
24118
24114
24111
24085
24066
24055
24052
24048
24046
24020
24008
24006
24002
23999
23990
23982
23979
23976
23966
23963
23962
23961
23947
23919
23913
23905
23903
23894
23893
23888
23883
23874
23871
23859
23821
23820
23816
23806
23797
23790
23789
23778
23777
23771
23764
23760
23758
23751
23747
23739
23733
23728
23711
23688
23685
23679
23677
23672
23671
23667
23666
23658
23639
23639
23633
23631
23606
23600
23594
23592
23592
23586
23583
23549
23548
23540
23535
23526
23504
23481
23479
23453
23452
23444
23437
23434
23427
23414
23411
23406
23397
23396
23376
23366
23366
23366
23360
23340
23339
23338
23326
23326
23316
23313
23313
23308
23305
23300
23297
23297
23286
23283
23276
23261
23254
23250
23247
23235
23231
23220
23216
23214
23213
23212
23210
23191
23176
23163
23158
23153
23135
23125
23123
23123
23121
23120
23088
23081
23061
23056
23054
23027
23021
23008
23005
22994
22992
22988
22984
22981
22981
22980
22978
22977
22970
22959
22958
22949
22946
22939
22938
22933
22933
22929
22928
22900
22893
22877
22872
22871
22871
22856
22829
22827
22818
22815
22811
22809
22787
22781
22779
22766
22751
22750
22747
22746
22736
22721
22709
22691
22676
22659
22646
22642
22637
22636
22631
22626
22607
22600
22596
22595
22590
22580
22576
22575
22574
22574
22569
22568
22567
22550
22538
22534
22524
22519
22515
22506
22500
22499
22494
22478
22462
22431
22413
22412
22407
22396
22392
22389
22359
22357
22344
22343
22342
22334
22333
22330
22324
22324
22321
22319
22314
22295
22280
22277
22262
22262
22256
22240
22238
22230
22221
22221
22213
22171
22166
22160
22150
22146
22132
22130
22127
22126
22117
22114
22095
22090
22079
22076
22072
22069
22065
22065
22064
22058
22054
22054
22051
22046
22043
22033
22020
22020
22013
22011
22005
22003
22001
21998
21969
21968
21962
21936
21936
21912
21903
21902
21893
21881
21850
21826
21826
21821
21815
21815
21813
21809
21790
21788
21782
21754
21735
21734
21724
21724
21706
21695
21693
21691
21684
21662
21655
21644
21640
21612
21610
21605
21601
21593
21590
21586
21547
21544
21543
21534
21532
21521
21516
21501
21496
21484
21483
21468
21464
21463
21459
21456
21411
21407
21388
21376
21371
21370
21368
21367
21364
21361
21344
21339
21334
21333
21330
21320
21320
21296
21289
21289
21282
21281
21273
21265
21263
21256
21241
21230
21226
21221
21214
21211
21197
21192
21190
21188
21183
21169
21167
21165
21147
21137
21132
21129
21122
21097
21093
21073
21073
21068
21066
21057
21053
21048
21027
21015
21008
20990
20986
20979
20975
20969
20963
20947
20937
20927
20923
20919
20912
20907
20891
20890
20887
20875
20866
20856
20853
20851
20840
20839
20830
20815
20801
20780
20753
20748
20747
20744
20737
20736
20730
20728
20713
20704
20701
20692
20690
20670
20669
20665
20656
20656
20643
20634
20632
20629
20620
20605
20596
20588
20576
20574
20570
20563
20549
20528
20527
20517
20508
20507
20503
20476
20474
20462
20451
20443
20440
20430
20427
20390
20383
20380
20368
20355
20354
20350
20348
20342
20315
20309
20299
20288
20261
20234
20234
20224
20213
20201
20198
20175
20171
20170
20168
20158
20150
20137
20128
20123
20117
20116
20091
20087
20085
20062
20045
20038
20028
20026
20023
20021
20016
20012
20009
20007
19989
19980
19952
19950
19948
19940
19925
19921
19921
19913
19885
19882
19869
19866
19865
19859
19852
19845
19844
19841
19835
19824
19818
19817
19801
19800
19793
19793
19772
19771
19767
19767
19751
19750
19738
19733
19723
19712
19711
19703
19690
19684
19674
19670
19667
19662
19638
19637
19636
19635
19633
19621
19596
19590
19577
19574
19558
19541
19535
19533
19527
19507
19501
19488
19488
19480
19462
19451
19438
19438
19430
19426
19423
19414
19411
19399
19398
19390
19385
19361
19360
19337
19337
19331
19326
19321
19314
19314
19311
19294
19294
19293
19275
19271
19269
19257
19254
19248
19244
19243
19240
19238
19233
19227
19225
19222
19213
19212
19205
19186
19181
19178
19177
19169
19167
19141
19115
19111
19111
19108
19102
19097
19092
19080
19073
19071
19067
19066
19055
19052
19039
19033
19033
19032
19032
19031
19026
19001
18998
18993
18993
18978
18967
18960
18956
18952
18948
18943
18938
18923
18923
18912
18906
18894
18889
18889
18887
18880
18870
18863
18859
18848
18845
18832
18824
18822
18816
18801
18794
18790
18790
18787
18784
18783
18781
18781
18774
18766
18765
18728
18728
18725
18716
18712
18697
18690
18661
18647
18646
18637
18625
18615
18606
18603
18597
18597
18596
18595
18582
18578
18570
18569
18564
18542
18528
18500
18494
18493
18490
18480
18455
18437
18429
18407
18399
18395
18390
18390
18372
18370
18365
18341
18325
18314
18314
18301
18299
18286
18283
18261
18251
18250
18242
18240
18238
18234
18232
18230
18227
18217
18212
18208
18197
18193
18187
18180
18179
18178
18175
18169
18153
18151
18138
18129
18122
18122
18121
18112
18112
18107
18103
18097
18091
18082
18077
18060
18042
18020
18018
18017
18004
17996
17984
17982
17982
17980
17968
17965
17958
17949
17942
17939
17935
17934
17929
17909
17890
17888
17880
17874
17845
17833
17821
17814
17810
17799
17798
17797
17785
17780
17774
17754
17738
17734
17726
17719
17710
17705
17702
17692
17686
17685
17659
17656
17638
17621
17619
17609
17599
17577
17575
17556
17554
17549
17547
17539
17532
17529
17505
17500
17491
17475
17468
17468
17466
17455
17448
17439
17427
17425
17424
17417
17415
17415
17405
17405
17399
17384
17384
17382
17378
17374
17373
17373
17372
17365
17360
17340
17338
17328
17325
17316
17299
17293
17293
17287
17280
17277
17274
17271
17256
17245
17242
17227
17220
17218
17210
17200
17188
17129
17125
17125
17114
17110
17081
17069
17065
17062
17049
17047
17046
17046
17021
17020
17020
16983
16980
16979
16976
16969
16965
16963
16962
16960
16960
16957
16950
16940
16939
16931
16917
16911
16899
16896
16896
16895
16889
16882
16874
16873
16862
16843
16835
16828
16799
16794
16787
16787
16780
16772
16768
16743
16742
16730
16728
16713
16711
16689
16688
16683
16674
16648
16637
16622
16618
16613
16609
16607
16595
16593
16579
16578
16578
16558
16551
16536
16533
16526
16488
16484
16467
16442
16441
16433
16427
16394
16390
16390
16386
16361
16341
16339
16338
16338
16336
16331
16324
16312
16312
16283
16273
16272
16262
16256
16248
16244
16242
16228
16222
16190
16187
16177
16176
16161
16159
16159
16145
16134
16124
16119
16112
16079
16078
16055
16050
16044
16035
16029
15997
15991
15973
15963
15962
15960
15947
15940
15940
15919
15890
15857
15850
15846
15845
15843
15824
15813
15812
15809
15805
15795
15791
15785
15784
15783
15772
15771
15747
15743
15740
15706
15700
15690
15669
15662
15661
15658
15652
15645
15641
15638
15634
15629
15627
15627
15616
15602
15597
15589
15578
15570
15564
15555
15545
15544
15539
15515
15513
15512
15510
15507
15500
15495
15495
15487
15483
15463
15452
15452
15452
15398
15389
15380
15358
15355
15343
15336
15327
15311
15308
15285
15277
15270
15252
15242
15240
15212
15211
15204
15200
15199
15195
15193
15192
15174
15173
15156
15140
15122
15118
15116
15115
15110
15102
15094
15083
15073
15070
15070
15067
15063
15058
15056
15053
15052
15048
15030
15013
15012
15002
14988
14969
14956
14953
14944
14933
14931
14930
14914
14911
14874
14852
14846
14840
14837
14828
14817
14816
14810
14801
14798
14782
14773
14771
14767
14753
14748
14746
14707
14695
14651
14649
14617
14609
14596
14577
14571
14560
14543
14538
14531
14508
14506
14500
14492
14476
14473
14473
14454
14453
14448
14439
14424
14410
14404
14389
14376
14369
14367
14361
14341
14336
14333
14333
14328
14311
14300
14292
14285
14282
14277
14271
14269
14262
14243
14224
14219
14212
14210
14208
14194
14185
14179
14173
14169
14166
14158
14153
14136
14117
14112
14109
14095
14077
14073
14061
14055
14050
14049
14042
14038
14012
14004
13987
13982
13965
13942
13941
13927
13925
13917
13911
13909
13905
13905
13900
13880
13858
13840
13826
13815
13807
13803
13799
13798
13791
13777
13766
13765
13762
13750
13742
13731
13726
13722
13717
13713
13703
13701
13701
13691
13689
13687
13654
13648
13640
13637
13631
13629
13625
13605
13574
13570
13548
13547
13545
13542
13516
13500
13499
13488
13487
13484
13475
13473
13457
13444
13443
13432
13427
13426
13424
13414
13414
13406
13404
13403
13391
13385
13384
13382
13382
13369
13367
13361
13356
13351
13336
13320
13309
13298
13294
13279
13271
13250
13249
13233
13230
13228
13224
13203
13200
13197
13194
13182
13175
13161
13160
13140
13133
13125
13123
13122
13115
13113
13103
13083
13081
13079
13078
13077
13070
13069
13047
13046
13041
12993
12982
12974
12964
12956
12945
12940
12906
12903
12901
12901
12897
12886
12882
12859
12858
12856
12839
12834
12828
12826
12819
12813
12810
12800
12798
12796
12796
12790
12778
12776
12754
12726
12712
12712
12708
12707
12703
12700
12670
12651
12650
12649
12646
12624
12613
12604
12602
12601
12574
12567
12567
12558
12532
12528
12522
12487
12483
12478
12475
12475
12468
12461
12447
12433
12433
12425
12415
12413
12410
12396
12377
12360
12352
12337
12335
12326
12317
12316
12314
12304
12299
12297
12296
12293
12292
12279
12267
12266
12242
12234
12221
12209
12201
12175
12174
12154
12153
12145
12127
12124
12122
12070
12070
12052
12048
12048
12042
12039
12010
12008
12003
11997
11991
11984
11983
11980
11968
11964
11955
11938
11936
11934
11929
11928
11920
11912
11911
11906
11905
11895
11887
11886
11884
11883
11862
11856
11854
11844
11840
11834
11831
11807
11803
11800
11783
11767
11763
11748
11746
11734
11730
11721
11714
11714
11711
11685
11680
11673
11661
11646
11645
11636
11617
11617
11615
11609
11607
11601
11591
11580
11577
11561
11549
11544
11539
11535
11533
11522
11507
11505
11503
11500
11488
11473
11466
11464
11458
11458
11424
11409
11404
11364
11364
11362
11360
11359
11350
11345
11343
11340
11334
11331
11326
11325
11323
11321
11320
11310
11309
11299
11286
11283
11274
11264
11262
11252
11250
11250
11249
11248
11246
11243
11207
11200
11192
11191
11181
11173
11170
11168
11160
11160
11159
11155
11140
11129
11128
11114
11113
11107
11105
11088
11078
11057
11056
11035
11025
11021
11018
11013
11012
11011
11008
11006
11002
10997
10990
10977
10971
10971
10967
10957
10947
10943
10941
10939
10935
10932
10921
10908
10904
10891
10884
10881
10881
10879
10878
10867
10864
10863
10854
10848
10847
10833
10823
10817
10802
10798
10768
10764
10741
10732
10726
10721
10713
10711
10701
10700
10696
10695
10693
10688
10676
10666
10664
10651
10645
10640
10637
10631
10621
10610
10577
10562
10557
10536
10536
10531
10512
10505
10504
10503
10499
10496
10478
10477
10465
10463
10461
10437
10430
10418
10407
10394
10390
10361
10353
10347
10342
10334
10326
10316
10315
10307
10303
10301
10291
10286
10285
10282
10271
10256
10251
10245
10244
10221
10221
10214
10214
10206
10199
10191
10183
10180
10173
10165
10161
10141
10141
10138
10118
10097
10096
10088
10083
10078
10062
10051
10049
10048
10020
10018
10009
9994
9982
9982
9981
9975
9960
9959
9936
9933
9915
9889
9888
9884
9878
9866
9860
9857
9835
9823
9814
9810
9794
9771
9770
9766
9738
9738
9720
9700
9687
9678
9676
9671
9669
9663
9642
9636
9623
9606
9606
9605
9578
9564
9556
9555
9554
9552
9551
9544
9534
9532
9522
9521
9518
9514
9506
9499
9477
9475
9461
9459
9453
9449
9426
9420
9416
9415
9408
9407
9400
9399
9396
9382
9374
9374
9374
9373
9351
9348
9346
9343
9342
9341
9337
9330
9324
9322
9321
9313
9312
9304
9303
9289
9253
9252
9244
9238
9216
9211
9208
9202
9188
9168
9160
9160
9142
9139
9126
9123
9121
9086
9084
9078
9071
9048
9042
9042
9035
9033
9032
9030
9017
9013
8999
8993
8965
8959
8956
8955
8952
8945
8924
8901
8885
8885
8879
8877
8865
8865
8846
8835
8831
8828
8783
8771
8763
8756
8749
8739
8734
8729
8724
8702
8698
8696
8693
8691
8690
8668
8659
8659
8637
8625
8619
8603
8595
8559
8559
8546
8536
8508
8506
8494
8475
8474
8458
8453
8438
8437
8433
8425
8399
8396
8393
8390
8382
8375
8371
8370
8342
8334
8322
8322
8320
8320
8315
8311
8300
8295
8281
8276
8273
8267
8263
8250
8248
8225
8207
8192
8191
8185
8181
8179
8172
8159
8139
8137
8116
8108
8105
8105
8102
8100
8094
8091
8085
8084
8084
8080
8077
8067
8050
8037
8037
8035
8004
7987
7976
7974
7968
7960
7955
7951
7942
7933
7931
7930
7915
7912
7905
7897
7894
7892
7883
7877
7876
7865
7864
7861
7859
7847
7841
7811
7807
7783
7780
7771
7763
7738
7729
7712
7692
7666
7657
7655
7654
7636
7636
7635
7598
7575
7573
7555
7542
7540
7533
7532
7529
7510
7509
7509
7507
7506
7500
7496
7468
7460
7458
7446
7438
7403
7403
7395
7394
7383
7380
7374
7367
7363
7351
7332
7318
7300
7296
7295
7287
7281
7280
7272
7271
7265
7259
7257
7257
7251
7251
7239
7238
7229
7216
7201
7197
7191
7178
7172
7158
7152
7149
7148
7143
7139
7114
7094
7088
7058
7050
7033
7010
6989
6987
6987
6985
6979
6954
6953
6943
6938
6920
6908
6878
6874
6871
6867
6866
6861
6859
6850
6838
6831
6818
6818
6816
6813
6802
6794
6776
6775
6772
6756
6754
6736
6703
6701
6700
6698
6678
6669
6650
6620
6614
6603
6603
6601
6593
6564
6564
6562
6551
6549
6521
6510
6496
6495
6492
6485
6465
6463
6455
6446
6439
6413
6397
6381
6375
6364
6364
6352
6350
6340
6339
6332
6332
6316
6312
6302
6276
6270
6251
6249
6249
6249
6236
6235
6216
6206
6195
6190
6186
6171
6138
6135
6133
6125
6121
6115
6114
6109
6086
6084
6059
6054
6047
6024
6008
5991
5986
5983
5974
5974
5967
5966
5947
5946
5928
5911
5906
5895
5881
5877
5872
5858
5835
5829
5810
5809
5808
5799
5785
5785
5778
5772
5759
5757
5756
5751
5751
5747
5722
5722
5707
5707
5703
5693
5686
5683
5667
5654
5643
5624
5618
5608
5598
5595
5593
5560
5539
5526
5516
5514
5500
5493
5484
5474
5470
5466
5452
5427
5423
5423
5412
5405
5401
5393
5382
5380
5364
5362
5358
5357
5355
5349
5344
5339
5335
5333
5307
5291
5281
5273
5269
5269
5267
5253
5251
5242
5241
5230
5225
5185
5178
5177
5176
5171
5163
5151
5150
5090
5074
5072
5057
5056
5056
5053
5051
5049
5048
5042
5041
5037
5025
5025
5020
5019
5016
5011
5005
5005
5000
4990
4979
4974
4969
4967
4954
4949
4943
4928
4908
4902
4897
4897
4878
4856
4845
4845
4836
4832
4823
4805
4804
4798
4792
4785
4785
4760
4740
4697
4695
4694
4670
4659
4654
4648
4648
4635
4624
4615
4612
4605
4601
4597
4588
4587
4577
4569
4554
4552
4549
4529
4528
4515
4504
4493
4481
4480
4473
4465
4455
4453
4450
4440
4434
4421
4415
4410
4402
4390
4389
4382
4377
4371
4365
4359
4352
4351
4344
4343
4337
4324
4288
4288
4275
4273
4254
4250
4235
4220
4219
4212
4211
4207
4202
4196
4188
4183
4178
4168
4163
4153
4146
4139
4137
4131
4104
4103
4095
4089
4087
4084
4084
4075
4058
4026
4000
3994
3987
3986
3985
3967
3952
3947
3944
3928
3925
3924
3901
3890
3878
3875
3857
3848
3847
3845
3834
3828
3822
3813
3801
3795
3790
3763
3761
3756
3752
3745
3743
3741
3735
3733
3733
3732
3729
3726
3714
3709
3703
3703
3698
3691
3685
3684
3678
3676
3660
3647
3638
3625
3623
3621
3615
3607
3603
3586
3571
3570
3562
3556
3548
3534
3527
3500
3489
3485
3484
3478
3467
3458
3450
3433
3427
3425
3420
3416
3402
3394
3388
3378
3369
3365
3359
3343
3342
3328
3321
3316
3303
3284
3283
3279
3274
3273
3268
3260
3259
3256
3249
3247
3228
3225
3214
3208
3206
3195
3192
3191
3190
3186
3184
3164
3156
3156
3154
3142
3141
3135
3116
3114
3104
3099
3082
3079
3063
3056
3022
3017
3000
2982
2982
2977
2969
2965
2922
2912
2911
2904
2897
2885
2884
2884
2884
2878
2865
2858
2848
2843
2842
2840
2832
2829
2822
2822
2817
2809
2792
2771
2771
2747
2741
2738
2727
2726
2723
2715
2711
2711
2706
2703
2691
2690
2688
2673
2668
2663
2646
2624
2623
2617
2614
2609
2609
2605
2600
2597
2577
2510
2495
2490
2474
2462
2457
2448
2448
2436
2436
2415
2406
2397
2394
2390
2387
2386
2386
2377
2377
2377
2360
2355
2350
2346
2343
2340
2323
2321
2318
2316
2294
2285
2280
2271
2259
2252
2232
2224
2216
2197
2196
2171
2171
2168
2164
2161
2153
2151
2137
2125
2121
2118
2116
2110
2097
2084
2073
2071
2067
2064
2028
2026
2017
2014
2005
1996
1984
1979
1978
1968
1956
1951
1951
1950
1947
1943
1935
1933
1917
1915
1899
1895
1895
1889
1880
1878
1877
1871
1864
1864
1863
1848
1845
1836
1817
1808
1783
1765
1763
1761
1753
1739
1723
1709
1707
1707
1702
1696
1694
1689
1687
1660
1646
1645
1627
1618
1616
1614
1592
1589
1587
1571
1563
1556
1556
1542
1529
1519
1515
1503
1500
1498
1487
1477
1468
1462
1448
1445
1445
1440
1405
1388
1387
1385
1383
1377
1370
1346
1340
1327
1287
1285
1283
1276
1273
1250
1235
1234
1230
1223
1220
1214
1206
1185
1179
1170
1161
1161
1136
1136
1130
1126
1121
1120
1116
1112
1112
1109
1089
1083
1074
1064
1062
1043
1041
1027
1024
1017
1014
1009
1006
1004
995
976
973
961
950
927
912
912
903
900
894
891
887
882
878
832
826
803
785
785
784
775
773
744
741
721
720
720
718
710
703
693
689
682
676
659
652
631
629
627
618
618
617
607
607
592
576
566
552
533
512
507
502
492
492
489
485
478
466
460
458
451
446
444
431
429
387
377
370
355
342
340
337
335
333
318
312
306
304
299
279
275
272
263
262
260
258
237
230
215
194
176
139
138
118
117
112
109
101
90
87
80
59
50
50
33
32
9
6
0
-6
-21
-25
-29
-34
-40
-41
-43
-52
-59
-71
-73
-74
-78
-90
-102
-107
-115
-118
-133
-134
-142
-151
-154
-157
-170
-182
-182
-191
-211
-215
-222
-229
-229
-238
-240
-244
-246
-256
-263
-285
-286
-289
-293
-295
-304
-306
-308
-315
-343
-357
-363
-365
-367
-367
-378
-379
-397
-397
-418
-459
-461
-479
-501
-510
-543
-545
-556
-559
-560
-568
-570
-599
-605
-610
-629
-632
-650
-669
-670
-673
-685
-693
-711
-713
-725
-748
-774
-776
-785
-802
-810
-816
-831
-831
-832
-833
-837
-839
-842
-857
-866
-876
-884
-892
-893
-898
-909
-924
-934
-939
-951
-961
-964
-966
-979
-992
-1000
-1005
-1008
-1019
-1021
-1037
-1038
-1040
-1055
-1057
-1061
-1064
-1077
-1085
-1092
-1098
-1128
-1129
-1133
-1133
-1136
-1148
-1154
-1155
-1163
-1169
-1176
-1180
-1190
-1209
-1212
-1216
-1218
-1251
-1255
-1270
-1273
-1279
-1287
-1288
-1293
-1297
-1302
-1303
-1312
-1315
-1319
-1326
-1336
-1338
-1355
-1359
-1367
-1368
-1369
-1374
-1376
-1402
-1415
-1418
-1430
-1435
-1450
-1451
-1455
-1456
-1457
-1460
-1464
-1470
-1472
-1473
-1480
-1484
-1489
-1500
-1501
-1509
-1512
-1514
-1529
-1533
-1550
-1575
-1585
-1588
-1605
-1609
-1620
-1623
-1632
-1632
-1646
-1653
-1655
-1656
-1661
-1669
-1674
-1675
-1677
-1680
-1688
-1694
-1695
-1699
-1707
-1709
-1711
-1730
-1738
-1738
-1746
-1755
-1765
-1781
-1784
-1788
-1818
-1823
-1827
-1828
-1831
-1832
-1848
-1855
-1872
-1876
-1879
-1880
-1884
-1902
-1915
-1916
-1917
-1937
-1942
-1943
-1960
-1973
-1973
-1992
-2000
-2002
-2007
-2031
-2046
-2056
-2068
-2082
-2091
-2093
-2115
-2125
-2144
-2149
-2155
-2159
-2160
-2210
-2213
-2219
-2227
-2228
-2230
-2231
-2231
-2247
-2250
-2255
-2270
-2271
-2271
-2275
-2276
-2276
-2280
-2288
-2291
-2297
-2301
-2347
-2348
-2371
-2386
-2397
-2398
-2416
-2430
-2430
-2439
-2439
-2441
-2444
-2452
-2479
-2482
-2486
-2544
-2555
-2566
-2583
-2586
-2589
-2590
-2595
-2611
-2615
-2619
-2620
-2625
-2625
-2630
-2650
-2663
-2665
-2698
-2703
-2712
-2736
-2737
-2744
-2750
-2766
-2767
-2767
-2779
-2780
-2784
-2806
-2811
-2818
-2826
-2830
-2842
-2842
-2852
-2861
-2868
-2869
-2870
-2876
-2877
-2884
-2891
-2896
-2902
-2902
-2904
-2920
-2920
-2953
-2957
-2961
-2964
-2973
-2976
-2982
-2989
-2998
-3000
-3002
-3017
-3027
-3037
-3041
-3045
-3062
-3066
-3072
-3074
-3079
-3095
-3097
-3116
-3118
-3146
-3153
-3160
-3162
-3191
-3202
-3203
-3213
-3214
-3219
-3231
-3238
-3239
-3247
-3263
-3266
-3280
-3312
-3317
-3320
-3327
-3331
-3335
-3363
-3376
-3377
-3384
-3389
-3395
-3400
-3426
-3435
-3446
-3461
-3461
-3468
-3479
-3480
-3489
-3520
-3535
-3540
-3556
-3561
-3569
-3572
-3578
-3578
-3592
-3597
-3612
-3618
-3628
-3642
-3660
-3661
-3661
-3674
-3682
-3692
-3695
-3705
-3713
-3713
-3715
-3732
-3732
-3734
-3736
-3744
-3754
-3756
-3756
-3760
-3765
-3773
-3788
-3790
-3792
-3794
-3795
-3811
-3822
-3828
-3837
-3849
-3859
-3863
-3867
-3871
-3872
-3875
-3878
-3881
-3885
-3889
-3895
-3908
-3913
-3917
-3924
-3928
-3934
-3958
-3958
-3963
-3968
-3986
-4004
-4020
-4025
-4028
-4029
-4032
-4039
-4044
-4060
-4066
-4077
-4081
-4085
-4105
-4106
-4127
-4131
-4150
-4151
-4160
-4174
-4174
-4185
-4196
-4208
-4212
-4226
-4232
-4233
-4241
-4262
-4263
-4266
-4270
-4270
-4296
-4316
-4336
-4345
-4376
-4377
-4377
-4384
-4393
-4394
-4401
-4405
-4406
-4409
-4414
-4438
-4445
-4448
-4455
-4469
-4492
-4494
-4499
-4511
-4531
-4536
-4547
-4548
-4560
-4568
-4572
-4578
-4594
-4604
-4605
-4607
-4617
-4619
-4654
-4662
-4669
-4683
-4691
-4693
-4694
-4700
-4724
-4730
-4732
-4746
-4752
-4754
-4763
-4770
-4776
-4777
-4826
-4827
-4834
-4835
-4838
-4842
-4844
-4867
-4868
-4868
-4884
-4888
-4890
-4899
-4906
-4937
-4939
-4954
-4955
-4964
-4967
-4967
-4978
-4994
-4995
-5006
-5012
-5015
-5022
-5044
-5075
-5080
-5091
-5104
-5106
-5117
-5125
-5131
-5141
-5143
-5168
-5173
-5181
-5186
-5192
-5214
-5225
-5234
-5247
-5248
-5251
-5254
-5264
-5267
-5279
-5300
-5310
-5325
-5342
-5344
-5346
-5359
-5361
-5364
-5370
-5372
-5381
-5389
-5397
-5407
-5411
-5418
-5420
-5425
-5444
-5456
-5457
-5468
-5470
-5473
-5475
-5488
-5495
-5503
-5510
-5516
-5531
-5538
-5540
-5553
-5554
-5573
-5574
-5583
-5589
-5604
-5613
-5621
-5626
-5656
-5661
-5667
-5669
-5672
-5678
-5679
-5680
-5688
-5698
-5707
-5721
-5732
-5735
-5738
-5752
-5778
-5785
-5789
-5795
-5803
-5810
-5814
-5815
-5825
-5826
-5829
-5842
-5844
-5846
-5847
-5853
-5860
-5863
-5879
-5884
-5889
-5891
-5893
-5895
-5901
-5915
-5915
-5930
-5934
-5944
-5946
-5965
-5966
-5975
-5978
-5994
-5994
-6000
-6006
-6010
-6026
-6051
-6058
-6058
-6067
-6074
-6079
-6080
-6084
-6088
-6092
-6094
-6103
-6123
-6133
-6138
-6140
-6148
-6153
-6158
-6164
-6165
-6180
-6193
-6197
-6198
-6213
-6215
-6217
-6221
-6223
-6226
-6231
-6240
-6246
-6252
-6269
-6282
-6286
-6287
-6288
-6292
-6296
-6296
-6297
-6299
-6331
-6335
-6358
-6365
-6365
-6378
-6380
-6388
-6393
-6398
-6404
-6406
-6408
-6423
-6441
-6442
-6463
-6466
-6476
-6493
-6500
-6507
-6512
-6517
-6535
-6537
-6541
-6545
-6554
-6569
-6571
-6579
-6590
-6598
-6604
-6605
-6612
-6633
-6635
-6660
-6684
-6689
-6692
-6693
-6701
-6702
-6717
-6732
-6742
-6757
-6764
-6766
-6772
-6774
-6779
-6779
-6784
-6792
-6803
-6827
-6838
-6838
-6848
-6849
-6852
-6862
-6872
-6886
-6888
-6888
-6893
-6900
-6923
-6932
-6936
-6940
-6957
-6958
-6979
-6985
-6993
-7000
-7006
-7009
-7015
-7016
-7028
-7028
-7030
-7030
-7034
-7037
-7055
-7064
-7066
-7068
-7075
-7078
-7088
-7102
-7103
-7125
-7136
-7142
-7143
-7159
-7166
-7172
-7173
-7186
-7188
-7198
-7199
-7202
-7214
-7231
-7238
-7239
-7247
-7250
-7252
-7257
-7262
-7262
-7272
-7275
-7278
-7283
-7286
-7290
-7300
-7306
-7318
-7339
-7340
-7347
-7348
-7357
-7358
-7359
-7369
-7403
-7415
-7416
-7440
-7442
-7447
-7452
-7457
-7469
-7470
-7471
-7488
-7533
-7545
-7547
-7555
-7560
-7564
-7565
-7566
-7576
-7586
-7588
-7591
-7611
-7612
-7643
-7644
-7670
-7685
-7687
-7690
-7690
-7691
-7704
-7707
-7720
-7733
-7739
-7740
-7740
-7749
-7752
-7765
-7766
-7771
-7787
-7789
-7794
-7798
-7800
-7805
-7808
-7815
-7826
-7827
-7834
-7838
-7843
-7844
-7857
-7891
-7895
-7899
-7902
-7904
-7905
-7905
-7932
-7933
-7934
-7937
-7937
-7939
-7952
-7953
-7957
-7976
-7982
-7982
-7991
-7992
-7999
-8011
-8019
-8044
-8055
-8056
-8059
-8074
-8078
-8091
-8092
-8099
-8102
-8110
-8130
-8135
-8139
-8140
-8149
-8150
-8157
-8158
-8173
-8180
-8206
-8207
-8212
-8215
-8216
-8217
-8231
-8231
-8233
-8247
-8251
-8260
-8264
-8266
-8282
-8294
-8294
-8324
-8330
-8331
-8344
-8348
-8349
-8372
-8373
-8390
-8392
-8396
-8397
-8415
-8419
-8421
-8421
-8425
-8433
-8433
-8434
-8435
-8448
-8461
-8465
-8474
-8474
-8476
-8515
-8528
-8540
-8547
-8550
-8561
-8564
-8574
-8589
-8594
-8609
-8611
-8613
-8614
-8643
-8645
-8649
-8669
-8677
-8681
-8689
-8702
-8718
-8726
-8730
-8732
-8733
-8736
-8741
-8751
-8761
-8767
-8784
-8787
-8789
-8795
-8804
-8805
-8808
-8821
-8826
-8842
-8846
-8858
-8879
-8886
-8896
-8897
-8898
-8908
-8908
-8917
-8924
-8942
-8944
-8947
-8958
-8961
-8966
-8972
-8985
-8988
-8988
-8989
-8996
-9020
-9024
-9028
-9037
-9053
-9065
-9067
-9067
-9076
-9079
-9084
-9088
-9109
-9115
-9120
-9120
-9125
-9128
-9133
-9136
-9146
-9153
-9168
-9174
-9176
-9183
-9194
-9212
-9216
-9218
-9224
-9228
-9230
-9234
-9240
-9245
-9260
-9272
-9272
-9297
-9299
-9299
-9335
-9336
-9337
-9352
-9354
-9366
-9373
-9381
-9383
-9392
-9405
-9412
-9416
-9417
-9430
-9443
-9451
-9467
-9470
-9480
-9492
-9499
-9520
-9532
-9537
-9537
-9543
-9564
-9575
-9578
-9579
-9583
-9589
-9597
-9599
-9609
-9612
-9623
-9641
-9660
-9673
-9675
-9676
-9680
-9687
-9699
-9706
-9709
-9732
-9757
-9759
-9766
-9787
-9795
-9796
-9797
-9797
-9799
-9801
-9804
-9806
-9839
-9841
-9852
-9873
-9881
-9889
-9889
-9918
-9923
-9927
-9943
-9960
-9964
-9965
-9966
-9978
-9979
-9986
-9988
-9989
-9995
-9998
-10013
-10013
-10024
-10029
-10035
-10035
-10036
-10041
-10069
-10071
-10074
-10081
-10090
-10097
-10103
-10108
-10142
-10156
-10163
-10205
-10216
-10223
-10225
-10235
-10236
-10237
-10239
-10242
-10250
-10271
-10273
-10281
-10286
-10289
-10294
-10297
-10300
-10306
-10308
-10328
-10336
-10337
-10352
-10352
-10356
-10370
-10379
-10387
-10404
-10408
-10420
-10437
-10437
-10443
-10452
-10493
-10496
-10499
-10500
-10502
-10502
-10503
-10512
-10516
-10516
-10522
-10528
-10543
-10552
-10553
-10564
-10565
-10572
-10583
-10587
-10596
-10602
-10602
-10605
-10610
-10619
-10632
-10644
-10644
-10650
-10655
-10657
-10662
-10667
-10673
-10679
-10683
-10685
-10687
-10692
-10693
-10695
-10702
-10739
-10741
-10747
-10748
-10750
-10765
-10766
-10768
-10775
-10778
-10780
-10783
-10788
-10804
-10805
-10827
-10834
-10837
-10843
-10844
-10847
-10866
-10874
-10899
-10922
-10925
-10944
-10945
-10953
-10962
-10976
-10978
-10983
-10990
-10991
-10992
-10993
-10996
-11009
-11029
-11045
-11064
-11064
-11068
-11069
-11094
-11106
-11107
-11107
-11116
-11118
-11122
-11152
-11153
-11156
-11156
-11161
-11182
-11203
-11214
-11218
-11219
-11222
-11237
-11251
-11251
-11254
-11260
-11268
-11271
-11276
-11280
-11288
-11292
-11304
-11321
-11323
-11330
-11332
-11339
-11346
-11362
-11383
-11388
-11395
-11401
-11403
-11423
-11471
-11473
-11485
-11491
-11499
-11500
-11543
-11544
-11548
-11552
-11553
-11579
-11583
-11588
-11610
-11611
-11614
-11618
-11621
-11622
-11637
-11663
-11667
-11681
-11682
-11685
-11700
-11712
-11726
-11729
-11730
-11740
-11783
-11784
-11785
-11794
-11802
-11821
-11821
-11830
-11836
-11838
-11840
-11841
-11845
-11847
-11859
-11877
-11882
-11887
-11887
-11888
-11892
-11897
-11901
-11919
-11923
-11924
-11931
-11944
-11955
-11960
-11966
-11968
-11973
-11977
-11980
-11981
-11982
-11986
-11990
-11995
-11997
-12001
-12001
-12005
-12021
-12031
-12032
-12066
-12068
-12081
-12084
-12086
-12092
-12093
-12104
-12120
-12121
-12123
-12143
-12153
-12160
-12163
-12167
-12169
-12174
-12180
-12180
-12181
-12185
-12189
-12191
-12202
-12216
-12217
-12233
-12247
-12252
-12253
-12254
-12264
-12266
-12269
-12283
-12303
-12311
-12321
-12361
-12376
-12386
-12390
-12391
-12393
-12424
-12433
-12443
-12444
-12446
-12448
-12455
-12467
-12477
-12517
-12529
-12535
-12540
-12544
-12551
-12563
-12568
-12582
-12597
-12612
-12619
-12620
-12626
-12631
-12637
-12642
-12657
-12685
-12686
-12690
-12704
-12711
-12716
-12717
-12733
-12734
-12741
-12742
-12753
-12753
-12755
-12759
-12798
-12800
-12806
-12812
-12812
-12818
-12840
-12841
-12843
-12860
-12877
-12888
-12892
-12897
-12910
-12912
-12917
-12921
-12931
-12936
-12948
-12959
-12974
-12995
-12996
-13002
-13006
-13016
-13016
-13017
-13021
-13025
-13033
-13033
-13034
-13034
-13036
-13047
-13055
-13057
-13063
-13068
-13071
-13073
-13076
-13085
-13086
-13099
-13110
-13113
-13116
-13116
-13124
-13132
-13152
-13159
-13167
-13170
-13170
-13177
-13184
-13190
-13199
-13199
-13208
-13221
-13249
-13252
-13258
-13259
-13272
-13278
-13282
-13283
-13284
-13288
-13300
-13304
-13338
-13339
-13340
-13353
-13353
-13356
-13358
-13369
-13371
-13372
-13414
-13415
-13415
-13419
-13426
-13458
-13461
-13462
-13464
-13468
-13470
-13475
-13487
-13488
-13489
-13491
-13504
-13504
-13512
-13521
-13525
-13539
-13545
-13552
-13565
-13574
-13579
-13611
-13624
-13627
-13649
-13662
-13671
-13674
-13680
-13683
-13695
-13716
-13718
-13730
-13741
-13741
-13742
-13757
-13764
-13775
-13776
-13776
-13789
-13806
-13824
-13829
-13831
-13837
-13841
-13868
-13878
-13880
-13895
-13895
-13898
-13901
-13933
-13945
-13955
-13961
-13974
-13975
-13985
-13997
-14009
-14016
-14020
-14021
-14024
-14030
-14040
-14041
-14046
-14079
-14083
-14087
-14091
-14095
-14097
-14098
-14098
-14105
-14110
-14112
-14135
-14138
-14138
-14143
-14148
-14149
-14178
-14192
-14198
-14213
-14218
-14232
-14232
-14240
-14240
-14257
-14257
-14258
-14272
-14272
-14283
-14296
-14303
-14316
-14319
-14326
-14329
-14332
-14352
-14354
-14360
-14363
-14370
-14405
-14406
-14414
-14417
-14419
-14430
-14433
-14436
-14446
-14447
-14449
-14449
-14457
-14467
-14469
-14471
-14476
-14477
-14488
-14491
-14502
-14545
-14561
-14566
-14567
-14572
-14577
-14581
-14583
-14591
-14591
-14602
-14603
-14604
-14605
-14612
-14614
-14619
-14629
-14631
-14634
-14642
-14644
-14657
-14658
-14667
-14677
-14681
-14686
-14703
-14716
-14733
-14736
-14741
-14742
-14748
-14749
-14761
-14765
-14773
-14785
-14801
-14808
-14843
-14848
-14854
-14860
-14861
-14878
-14880
-14883
-14887
-14889
-14895
-14906
-14912
-14921
-14927
-14927
-14928
-14940
-14952
-14953
-14955
-14966
-14982
-14986
-14994
-14996
-14997
-15009
-15015
-15026
-15072
-15072
-15072
-15079
-15082
-15086
-15086
-15098
-15105
-15114
-15117
-15120
-15121
-15125
-15149
-15168
-15170
-15170
-15174
-15184
-15203
-15221
-15222
-15247
-15274
-15287
-15287
-15299
-15304
-15311
-15316
-15329
-15333
-15334
-15335
-15347
-15349
-15349
-15363
-15368
-15372
-15377
-15382
-15389
-15391
-15392
-15400
-15406
-15418
-15421
-15425
-15431
-15446
-15450
-15456
-15458
-15459
-15461
-15471
-15477
-15480
-15487
-15488
-15491
-15499
-15502
-15506
-15510
-15529
-15543
-15546
-15547
-15574
-15598
-15613
-15619
-15640
-15661
-15691
-15692
-15707
-15719
-15723
-15752
-15753
-15753
-15763
-15763
-15765
-15766
-15767
-15768
-15784
-15787
-15809
-15815
-15819
-15823
-15826
-15828
-15832
-15833
-15837
-15854
-15873
-15877
-15878
-15887
-15889
-15892
-15895
-15912
-15918
-15919
-15924
-15933
-15940
-15942
-15945
-15951
-15962
-15968
-15972
-16016
-16035
-16046
-16047
-16054
-16058
-16070
-16074
-16083
-16088
-16091
-16094
-16097
-16105
-16112
-16117
-16119
-16124
-16128
-16132
-16135
-16147
-16168
-16176
-16184
-16185
-16192
-16197
-16206
-16213
-16228
-16236
-16248
-16252
-16255
-16273
-16281
-16282
-16285
-16291
-16297
-16304
-16313
-16314
-16326
-16329
-16330
-16334
-16334
-16337
-16341
-16342
-16350
-16359
-16363
-16367
-16368
-16407
-16411
-16415
-16436
-16439
-16449
-16478
-16482
-16495
-16499
-16535
-16543
-16544
-16587
-16594
-16595
-16604
-16611
-16611
-16620
-16629
-16632
-16633
-16634
-16646
-16654
-16667
-16680
-16680
-16695
-16699
-16701
-16704
-16706
-16709
-16715
-16730
-16735
-16743
-16753
-16753
-16753
-16759
-16764
-16765
-16772
-16772
-16784
-16790
-16793
-16801
-16806
-16823
-16836
-16862
-16866
-16889
-16892
-16899
-16905
-16910
-16917
-16953
-16964
-16964
-16975
-16977
-16979
-16998
-17004
-17018
-17026
-17026
-17027
-17032
-17033
-17047
-17070
-17081
-17084
-17095
-17095
-17097
-17097
-17102
-17114
-17137
-17150
-17153
-17158
-17161
-17164
-17169
-17174
-17177
-17188
-17194
-17205
-17208
-17231
-17247
-17248
-17250
-17255
-17265
-17297
-17305
-17305
-17308
-17310
-17325
-17326
-17339
-17353
-17355
-17389
-17395
-17396
-17397
-17398
-17402
-17414
-17416
-17434
-17437
-17442
-17453
-17454
-17459
-17459
-17464
-17470
-17476
-17481
-17487
-17494
-17496
-17512
-17516
-17517
-17523
-17536
-17573
-17575
-17577
-17587
-17591
-17596
-17596
-17601
-17612
-17638
-17639
-17640
-17649
-17671
-17673
-17681
-17683
-17684
-17692
-17698
-17705
-17707
-17708
-17713
-17716
-17716
-17722
-17723
-17727
-17738
-17740
-17753
-17756
-17759
-17764
-17767
-17774
-17778
-17783
-17799
-17803
-17810
-17824
-17826
-17833
-17842
-17856
-17862
-17867
-17892
-17897
-17899
-17908
-17909
-17911
-17911
-17912
-17925
-17932
-17955
-17958
-17978
-17979
-17980
-17988
-17989
-17995
-17999
-18016
-18017
-18020
-18029
-18042
-18055
-18065
-18074
-18075
-18075
-18080
-18084
-18088
-18093
-18108
-18109
-18113
-18114
-18126
-18141
-18147
-18155
-18178
-18182
-18193
-18203
-18214
-18218
-18224
-18228
-18237
-18259
-18263
-18276
-18285
-18304
-18336
-18339
-18341
-18348
-18350
-18352
-18360
-18372
-18376
-18401
-18404
-18427
-18453
-18458
-18463
-18464
-18469
-18471
-18482
-18483
-18493
-18499
-18501
-18501
-18512
-18516
-18528
-18534
-18540
-18542
-18544
-18548
-18549
-18551
-18552
-18559
-18564
-18584
-18595
-18604
-18623
-18623
-18623
-18629
-18641
-18646
-18657
-18662
-18676
-18692
-18692
-18700
-18701
-18703
-18715
-18720
-18725
-18731
-18737
-18741
-18748
-18767
-18770
-18773
-18801
-18809
-18815
-18818
-18824
-18829
-18831
-18833
-18848
-18861
-18861
-18865
-18892
-18894
-18907
-18915
-18932
-18947
-18948
-18950
-18962
-18970
-18970
-18974
-18977
-18982
-18996
-18997
-19019
-19021
-19038
-19051
-19061
-19070
-19086
-19091
-19091
-19104
-19123
-19133
-19133
-19134
-19148
-19150
-19157
-19160
-19166
-19170
-19173
-19175
-19176
-19191
-19192
-19192
-19209
-19209
-19210
-19211
-19225
-19233
-19254
-19263
-19272
-19275
-19280
-19283
-19298
-19321
-19329
-19333
-19333
-19366
-19368
-19370
-19383
-19384
-19385
-19385
-19393
-19397
-19403
-19410
-19426
-19429
-19434
-19473
-19477
-19477
-19492
-19516
-19586
-19620
-19620
-19634
-19640
-19647
-19651
-19675
-19686
-19691
-19697
-19703
-19704
-19704
-19705
-19714
-19728
-19734
-19757
-19760
-19765
-19785
-19804
-19811
-19811
-19814
-19824
-19831
-19840
-19851
-19865
-19866
-19881
-19886
-19894
-19903
-19906
-19919
-19933
-19937
-19940
-19945
-19962
-19978
-20005
-20010
-20020
-20029
-20030
-20042
-20049
-20058
-20068
-20078
-20088
-20089
-20106
-20107
-20115
-20126
-20129
-20135
-20137
-20141
-20148
-20149
-20157
-20160
-20177
-20181
-20185
-20208
-20211
-20220
-20260
-20262
-20267
-20269
-20274
-20276
-20277
-20286
-20296
-20325
-20334
-20334
-20337
-20344
-20352
-20365
-20377
-20378
-20379
-20392
-20392
-20414
-20431
-20468
-20479
-20482
-20483
-20486
-20487
-20489
-20496
-20527
-20532
-20543
-20548
-20568
-20570
-20570
-20579
-20581
-20583
-20596
-20607
-20626
-20630
-20632
-20654
-20661
-20683
-20688
-20735
-20736
-20752
-20759
-20761
-20768
-20805
-20809
-20812
-20814
-20829
-20830
-20833
-20836
-20840
-20843
-20860
-20860
-20862
-20881
-20885
-20892
-20893
-20899
-20909
-20916
-20941
-20945
-20954
-20957
-20959
-20986
-20999
-21012
-21017
-21023
-21031
-21031
-21047
-21049
-21060
-21061
-21063
-21065
-21072
-21080
-21084
-21085
-21107
-21108
-21109
-21111
-21115
-21123
-21128
-21129
-21136
-21139
-21146
-21149
-21171
-21172
-21189
-21194
-21198
-21200
-21206
-21207
-21209
-21218
-21221
-21228
-21245
-21247
-21250
-21250
-21261
-21273
-21274
-21280
-21280
-21281
-21293
-21307
-21329
-21338
-21339
-21342
-21346
-21349
-21362
-21367
-21368
-21370
-21370
-21383
-21401
-21407
-21415
-21440
-21444
-21454
-21470
-21488
-21504
-21519
-21536
-21541
-21557
-21560
-21566
-21575
-21577
-21584
-21589
-21594
-21594
-21596
-21597
-21605
-21606
-21609
-21623
-21623
-21639
-21692
-21697
-21732
-21734
-21738
-21754
-21764
-21780
-21792
-21795
-21798
-21801
-21803
-21812
-21817
-21833
-21867
-21880
-21884
-21886
-21897
-21903
-21907
-21910
-21927
-21933
-21940
-21962
-21964
-21974
-21988
-21989
-21993
-21996
-21997
-21999
-22001
-22005
-22007
-22013
-22023
-22039
-22046
-22052
-22065
-22074
-22074
-22081
-22083
-22105
-22116
-22127
-22133
-22136
-22146
-22152
-22185
-22192
-22202
-22213
-22224
-22227
-22238
-22252
-22256
-22264
-22285
-22310
-22315
-22319
-22320
-22324
-22333
-22336
-22352
-22365
-22367
-22367
-22369
-22371
-22374
-22375
-22376
-22380
-22387
-22395
-22415
-22425
-22426
-22432
-22435
-22441
-22451
-22452
-22514
-22520
-22534
-22540
-22554
-22556
-22564
-22564
-22576
-22579
-22589
-22593
-22609
-22622
-22629
-22632
-22635
-22636
-22645
-22648
-22653
-22654
-22663
-22667
-22683
-22692
-22700
-22729
-22729
-22732
-22736
-22743
-22749
-22749
-22756
-22760
-22770
-22790
-22803
-22810
-22823
-22837
-22837
-22875
-22878
-22888
-22890
-22893
-22900
-22920
-22922
-22923
-22927
-22933
-22936
-22946
-22948
-22950
-22955
-22958
-22960
-22974
-22974
-22978
-22984
-23004
-23007
-23014
-23018
-23021
-23022
-23028
-23039
-23040
-23068
-23083
-23090
-23099
-23102
-23116
-23129
-23131
-23139
-23160
-23161
-23163
-23171
-23175
-23199
-23215
-23224
-23238
-23240
-23240
-23245
-23264
-23270
-23282
-23292
-23298
-23299
-23309
-23316
-23317
-23318
-23327
-23328
-23333
-23362
-23367
-23379
-23382
-23393
-23396
-23403
-23406
-23422
-23424
-23424
-23432
-23471
-23507
-23515
-23516
-23516
-23516
-23531
-23533
-23544
-23545
-23554
-23556
-23566
-23567
-23575
-23597
-23615
-23628
-23653
-23654
-23666
-23676
-23677
-23679
-23683
-23683
-23690
-23701
-23707
-23715
-23720
-23745
-23753
-23754
-23757
-23757
-23767
-23774
-23775
-23777
-23781
-23786
-23788
-23797
-23803
-23819
-23820
-23821
-23829
-23840
-23842
-23851
-23866
-23866
-23886
-23905
-23906
-23924
-23925
-23931
-23940
-23942
-23945
-23963
-23981
-23986
-23991
-24009
-24029
-24033
-24033
-24041
-24044
-24052
-24063
-24063
-24082
-24086
-24091
-24093
-24106
-24106
-24108
-24113
-24117
-24120
-24127
-24129
-24133
-24137
-24138
-24169
-24171
-24185
-24187
-24187
-24190
-24196
-24211
-24214
-24215
-24217
-24219
-24220
-24249
-24252
-24254
-24274
-24284
-24293
-24293
-24297
-24297
-24302
-24304
-24311
-24314
-24314
-24318
-24320
-24322
-24328
-24341
-24347
-24348
-24361
-24401
-24406
-24413
-24416
-24426
-24440
-24448
-24451
-24457
-24460
-24476
-24477
-24484
-24515
-24517
-24521
-24532
-24533
-24548
-24567
-24584
-24584
-24593
-24598
-24612
-24620
-24621
-24623
-24626
-24636
-24637
-24642
-24643
-24649
-24652
-24653
-24653
-24660
-24661
-24669
-24679
-24682
-24684
-24695
-24697
-24702
-24715
-24717
-24718
-24736
-24737
-24737
-24774
-24778
-24792
-24801
-24802
-24814
-24816
-24819
-24825
-24826
-24833
-24843
-24846
-24850
-24852
-24865
-24878
-24881
-24889
-24922
-24941
-24947
-24948
-24975
-24979
-25009
-25011
-25015
-25027
-25045
-25048
-25049
-25066
-25068
-25069
-25084
-25089
-25139
-25140
-25165
-25167
-25177
-25183
-25184
-25184
-25203
-25209
-25236
-25238
-25243
-25274
-25276
-25284
-25332
-25338
-25351
-25356
-25362
-25370
-25370
-25379
-25385
-25415
-25425
-25432
-25436
-25441
-25465
-25465
-25493
-25494
-25495
-25516
-25527
-25529
-25537
-25539
-25540
-25541
-25545
-25550
-25551
-25566
-25567
-25586
-25589
-25599
-25603
-25603
-25605
-25610
-25614
-25620
-25623
-25630
-25651
-25677
-25694
-25697
-25715
-25721
-25721
-25735
-25736
-25737
-25751
-25757
-25764
-25777
-25783
-25786
-25790
-25793
-25800
-25808
-25818
-25826
-25865
-25868
-25879
-25888
-25889
-25892
-25907
-25936
-25956
-25963
-25972
-25973
-25986
-25998
-26001
-26003
-26009
-26012
-26018
-26019
-26025
-26035
-26040
-26041
-26044
-26047
-26056
-26059
-26063
-26065
-26066
-26075
-26089
-26098
-26108
-26115
-26116
-26118
-26141
-26144
-26151
-26153
-26170
-26171
-26187
-26206
-26228
-26233
-26239
-26247
-26249
-26275
-26278
-26293
-26303
-26305
-26307
-26313
-26313
-26317
-26318
-26326
-26328
-26330
-26330
-26347
-26353
-26355
-26362
-26367
-26378
-26379
-26380
-26394
-26395
-26397
-26401
-26407
-26407
-26411
-26414
-26421
-26423
-26430
-26430
-26445
-26456
-26458
-26458
-26480
-26490
-26507
-26519
-26524
-26526
-26536
-26549
-26553
-26580
-26583
-26601
-26603
-26630
-26638
-26639
-26652
-26655
-26656
-26659
-26662
-26664
-26672
-26684
-26687
-26690
-26702
-26707
-26720
-26725
-26734
-26748
-26748
-26758
-26796
-26799
-26801
-26803
-26806
-26818
-26828
-26830
-26831
-26836
-26845
-26852
-26870
-26870
-26873
-26890
-26921
-26922
-26942
-26945
-26979
-26980
-26993
-26994
-26995
-26998
-27008
-27010
-27013
-27020
-27025
-27043
-27047
-27057
-27067
-27083
-27090
-27107
-27111
-27111
-27116
-27123
-27132
-27149
-27153
-27156
-27157
-27159
-27166
-27167
-27181
-27221
-27222
-27245
-27254
-27254
-27270
-27272
-27277
-27303
-27319
-27319
-27338
-27340
-27359
-27372
-27374
-27386
-27393
-27393
-27395
-27401
-27419
-27424
-27427
-27435
-27443
-27445
-27445
-27452
-27459
-27465
-27467
-27471
-27481
-27486
-27491
-27494
-27502
-27505
-27509
-27511
-27513
-27520
-27521
-27525
-27534
-27561
-27573
-27576
-27584
-27602
-27612
-27612
-27623
-27636
-27646
-27658
-27675
-27676
-27677
-27678
-27684
-27687
-27699
-27726
-27742
-27757
-27757
-27759
-27760
-27773
-27774
-27781
-27784
-27786
-27795
-27800
-27807
-27823
-27824
-27829
-27830
-27834
-27861
-27865
-27884
-27886
-27889
-27902
-27905
-27906
-27907
-27912
-27915
-27921
-27927
-27935
-27941
-27954
-27957
-27961
-27976
-27978
-27984
-28002
-28003
-28022
-28038
-28054
-28061
-28069
-28070
-28086
-28095
-28096
-28106
-28108
-28127
-28127
-28133
-28142
-28142
-28146
-28149
-28172
-28212
-28215
-28218
-28221
-28234
-28242
-28255
-28255
-28259
-28266
-28267
-28278
-28279
-28280
-28284
-28309
-28327
-28331
-28357
-28359
-28361
-28361
-28374
-28395
-28396
-28397
-28398
-28401
-28405
-28410
-28420
-28435
-28438
-28439
-28445
-28446
-28448
-28462
-28463
-28470
-28472
-28473
-28476
-28482
-28484
-28494
-28503
-28504
-28516
-28541
-28541
-28543
-28548
-28554
-28567
-28571
-28574
-28577
-28583
-28587
-28589
-28591
-28597
-28606
-28608
-28610
-28610
-28613
-28652
-28656
-28692
-28706
-28709
-28726
-28746
-28746
-28751
-28751
-28755
-28761
-28761
-28774
-28824
-28825
-28830
-28845
-28846
-28846
-28854
-28859
-28861
-28867
-28896
-28898
-28898
-28908
-28921
-28930
-28934
-28957
-28990
-28993
-28996
-29009
-29018
-29025
-29034
-29039
-29060
-29072
-29081
-29085
-29105
-29144
-29151
-29162
-29172
-29173
-29185
-29187
-29188
-29192
-29205
-29212
-29214
-29215
-29217
-29217
-29219
-29220
-29223
-29261
-29273
-29277
-29282
-29283
-29287
-29288
-29289
-29296
-29300
-29314
-29327
-29330
-29333
-29335
-29339
-29342
-29353
-29353
-29359
-29360
-29362
-29379
-29382
-29386
-29395
-29401
-29409
-29414
-29420
-29451
-29465
-29469
-29470
-29493
-29497
-29524
-29530
-29541
-29546
-29547
-29554
-29564
-29577
-29584
-29586
-29594
-29616
-29624
-29645
-29648
-29666
-29707
-29708
-29712
-29732
-29732
-29737
-29743
-29753
-29757
-29758
-29763
-29771
-29804
-29805
-29805
-29825
-29826
-29827
-29830
-29851
-29858
-29868
-29870
-29877
-29894
-29894
-29897
-29900
-29903
-29910
-29914
-29937
-29966
-29968
-29974
-29975
-29991
-29995
-29996
-30001
-30014
-30019
-30024
-30028
-30030
-30032
-30040
-30042
-30045
-30056
-30062
-30062
-30062
-30066
-30121
-30122
-30125
-30135
-30136
-30148
-30155
-30166
-30194
-30196
-30199
-30220
-30221
-30221
-30223
-30226
-30228
-30230
-30231
-30232
-30234
-30249
-30252
-30260
-30261
-30269
-30273
-30285
-30293
-30299
-30304
-30308
-30312
-30316
-30319
-30332
-30336
-30342
-30348
-30361
-30364
-30383
-30383
-30386
-30396
-30406
-30427
-30439
-30443
-30446
-30452
-30458
-30461
-30468
-30484
-30489
-30492
-30495
-30502
-30523
-30528
-30533
-30539
-30540
-30554
-30562
-30564
-30574
-30598
-30600
-30603
-30608
-30614
-30617
-30630
-30630
-30633
-30638
-30646
-30653
-30657
-30668
-30668
-30670
-30673
-30681
-30684
-30686
-30687
-30691
-30702
-30712
-30755
-30758
-30776
-30777
-30792
-30793
-30795
-30797
-30799
-30802
-30804
-30808
-30815
-30821
-30822
-30837
-30843
-30862
-30868
-30877
-30880
-30898
-30903
-30913
-30924
-30939
-30947
-30954
-30965
-30992
-31028
-31032
-31034
-31038
-31045
-31057
-31080
-31107
-31108
-31118
-31121
-31132
-31147
-31174
-31175
-31178
-31196
-31196
-31217
-31219
-31231
-31243
-31248
-31256
-31278
-31279
-31289
-31304
-31306
-31316
-31328
-31336
-31344
-31356
-31379
-31384
-31388
-31395
-31403
-31409
-31412
-31413
-31424
-31429
-31431
-31440
-31440
-31454
-31486
-31500
-31508
-31509
-31511
-31513
-31515
-31518
-31519
-31534
-31540
-31554
-31562
-31563
-31571
-31594
-31595
-31609
-31627
-31628
-31630
-31632
-31632
-31663
-31669
-31695
-31697
-31702
-31705
-31706
-31707
-31709
-31732
-31732
-31763
-31780
-31784
-31788
-31802
-31809
-31810
-31821
-31823
-31841
-31854
-31871
-31871
-31880
-31884
-31887
-31889
-31893
-31894
-31902
-31912
-31917
-31936
-31938
-31940
-31941
-31942
-31955
-31957
-31959
-31960
-31967
-31967
-31969
-31969
-31974
-31981
-31986
-31992
-32007
-32009
-32017
-32048
-32053
-32054
-32059
-32060
-32062
-32069
-32073
-32090
-32091
-32092
-32103
-32110
-32113
-32129
-32134
-32141
-32144
-32146
-32171
-32193
-32193
-32203
-32210
-32222
-32226
-32226
-32233
-32240
-32242
-32245
-32253
-32264
-32264
-32277
-32280
-32286
-32289
-32302
-32306
-32315
-32325
-32331
-32333
-32336
-32346
-32349
-32350
-32351
-32353
-32370
-32379
-32387
-32399
-32412
-32413
-32416
-32420
-32421
-32439
-32439
-32457
-32461
-32482
-32486
-32487
-32495
-32495
-32499
-32502
-32504
-32505
-32515
-32515
-32533
-32546
-32547
-32555
-32592
-32593
-32601
-32620
-32631
-32636
-32640
-32640
-32641
-32641
-32645
-32653
-32656
-32656
-32662
-32663
-32663
-32669
-32671
-32678
-32680
-32681
-32694
-32695
-32698
-32700
-32710
-32763
