-32679
-32581
-32528
-32514
-32514
-32505
-32501
-32490
-32371
-32353
-32327
-32297
-32271
-32252
-32189
-32174
-32169
-32138
-32134
-32097
-32091
-32051
-32046
-31833
-31826
-31807
-31796
-31785
-31724
-31668
-31665
-31665
-31623
-31623
-31588
-31587
-31579
-31544
-31480
-31467
-31417
-31413
-31395
-31365
-31347
-31321
-31314
-31258
-31219
-31215
-31159
-31103
-31098
-31089
-31065
-30973
-30951
-30943
-30935
-30883
-30870
-30843
-30837
-30808
-30759
-30736
-30703
-30583
-30574
-30573
-30571
-30565
-30519
-30497
-30444
-30439
-30406
-30382
-30337
-30301
-30301
-30283
-30270
-30185
-30168
-30118
-30102
-30096
-30059
-30028
-29981
-29959
-29942
-29935
-29907
-29881
-29854
-29831
-29788
-29768
-29758
-29719
-29710
-29674
-29666
-29647
-29569
-29557
-29551
-29503
-29494
-29483
-29397
-29372
-29313
-29313
-29276
-29235
-29213
-29173
-29146
-29115
-29045
-29023
-28969
-28965
-28901
-28849
-28841
-28838
-28827
-28825
-28815
-28735
-28717
-28672
-28638
-28611
-28599
-28592
-28532
-28499
-28465
-28428
-28350
-28297
-28264
-28221
-28208
-28166
-28134
-28102
-28099
-28066
-28051
-28050
-28015
-27901
-27879
-27842
-27818
-27804
-27745
-27743
-27667
-27656
-27649
-27625
-27617
-27609
-27590
-27587
-27579
-27578
-27560
-27500
-27450
-27446
-27437
-27422
-27321
-27318
-27294
-27285
-27272
-27219
-27195
-27151
-27149
-27064
-27053
-26982
-26979
-26966
-26896
-26862
-26824
-26664
-26658
-26605
-26588
-26573
-26542
-26539
-26518
-26439
-26419
-26320
-26255
-26199
-26197
-26176
-26126
-26103
-26099
-25974
-25896
-25867
-25812
-25791
-25790
-25760
-25726
-25709
-25706
-25686
-25674
-25645
-25633
-25615
-25610
-25594
-25560
-25547
-25519
-25518
-25434
-25422
-25412
-25352
-25331
-25321
-25316
-25316
-25304
-25191
-25188
-25111
-24999
-24992
-24968
-24955
-24919
-24898
-24853
-24837
-24796
-24727
-24705
-24696
-24620
-24612
-24597
-24540
-24499
-24485
-24477
-24399
-24370
-24296
-24214
-24196
-24192
-24191
-24168
-24149
-24120
-24090
-24075
-24072
-24023
-24014
-23990
-23961
-23873
-23791
-23742
-23725
-23724
-23705
-23675
-23592
-23572
-23542
-23504
-23409
-23387
-23380
-23370
-23326
-23322
-23305
-23290
-23279
-23277
-23267
-23263
-23213
-23210
-23207
-23144
-23117
-23061
-22999
-22988
-22844
-22837
-22815
-22749
-22729
-22716
-22710
-22638
-22622
-22590
-22514
-22509
-22492
-22426
-22411
-22399
-22338
-22322
-22290
-22270
-22249
-22211
-22174
-22167
-22151
-22090
-22015
-21987
-21984
-21970
-21945
-21894
-21885
-21881
-21871
-21841
-21839
-21793
-21778
-21754
-21738
-21614
-21599
-21576
-21564
-21561
-21547
-21518
-21517
-21493
-21465
-21448
-21439
-21433
-21413
-21382
-21364
-21302
-21267
-21260
-21234
-21228
-21228
-21197
-21157
-21135
-21129
-21100
-21098
-21072
-21070
-21033
-21002
-20990
-20989
-20949
-20920
-20920
-20903
-20893
-20840
-20803
-20784
-20736
-20735
-20727
-20577
-20570
-20552
-20526
-20476
-20454
-20373
-20335
-20323
-20311
-20311
-20199
-20183
-20084
-20067
-20050
-20031
-20016
-19984
-19984
-19952
-19736
-19718
-19647
-19634
-19606
-19593
-19552
-19551
-19511
-19491
-19490
-19485
-19459
-19455
-19337
-19323
-19298
-19221
-19198
-19160
-19140
-19097
-19072
-19026
-18944
-18938
-18899
-18884
-18775
-18762
-18697
-18664
-18629
-18584
-18551
-18442
-18334
-18268
-18250
-18147
-17975
-17974
-17953
-17950
-17882
-17831
-17774
-17757
-17752
-17746
-17686
-17683
-17683
-17653
-17623
-17586
-17554
-17552
-17530
-17519
-17368
-17362
-17271
-17264
-17253
-17236
-17205
-17187
-17125
-17073
-17004
-16972
-16966
-16952
-16909
-16727
-16714
-16710
-16701
-16677
-16653
-16649
-16544
-16534
-16461
-16317
-16259
-16257
-16163
-16125
-16117
-16085
-16065
-16051
-15980
-15966
-15955
-15941
-15928
-15907
-15905
-15885
-15863
-15851
-15827
-15822
-15793
-15749
-15726
-15676
-15665
-15653
-15610
-15535
-15452
-15447
-15444
-15415
-15406
-15374
-15290
-15282
-15257
-15090
-15089
-15062
-15037
-14932
-14820
-14812
-14771
-14702
-14684
-14643
-14611
-14552
-14523
-14471
-14422
-14345
-14334
-14274
-14246
-14144
-14086
-14080
-14063
-14016
-13971
-13950
-13940
-13888
-13784
-13758
-13746
-13716
-13697
-13659
-13629
-13612
-13590
-13518
-13502
-13467
-13454
-13362
-13361
-13357
-13310
-13303
-13290
-13253
-13245
-13245
-13209
-13207
-13196
-13192
-13179
-13175
-13156
-13143
-13076
-13063
-13009
-12978
-12844
-12840
-12779
-12755
-12746
-12733
-12725
-12722
-12619
-12572
-12561
-12517
-12488
-12488
-12464
-12452
-12365
-12341
-12312
-12300
-12293
-12251
-12229
-12205
-12187
-12151
-12135
-12121
-12100
-12083
-12082
-12082
-12060
-12018
-12012
-12003
-11986
-11960
-11957
-11906
-11886
-11849
-11827
-11825
-11788
-11771
-11714
-11681
-11650
-11630
-11597
-11576
-11569
-11560
-11554
-11508
-11472
-11452
-11430
-11383
-11320
-11319
-11299
-11261
-11237
-11223
-11127
-11091
-11080
-11073
-11047
-11044
-11026
-11011
-10976
-10961
-10945
-10923
-10915
-10909
-10843
-10832
-10794
-10724
-10713
-10666
-10607
-10606
-10574
-10558
-10489
-10485
-10365
-10313
-10309
-10287
-10234
-10204
-10199
-10165
-10106
-10103
-10057
-10030
-9988
-9964
-9951
-9923
-9921
-9850
-9843
-9803
-9754
-9699
-9695
-9624
-9601
-9566
-9524
-9503
-9488
-9449
-9425
-9421
-9407
-9388
-9387
-9321
-9299
-9266
-9228
-9190
-9133
-9129
-9094
-9086
-9074
-9053
-9050
-9023
-9006
-8987
-8941
-8907
-8853
-8768
-8764
-8741
-8709
-8695
-8672
-8596
-8526
-8491
-8477
-8437
-8421
-8383
-8357
-8351
-8324
-8324
-8256
-8252
-8217
-8202
-8186
-8174
-8168
-8148
-8080
-8061
-8034
-7997
-7970
-7898
-7768
-7629
-7580
-7544
-7538
-7492
-7481
-7435
-7406
-7300
-7299
-7239
-7237
-7161
-7148
-7043
-7030
-7007
-6955
-6932
-6925
-6881
-6872
-6833
-6708
-6667
-6611
-6576
-6562
-6550
-6533
-6490
-6430
-6430
-6426
-6358
-6345
-6341
-6340
-6336
-6332
-6219
-6204
-6190
-6170
-6167
-6153
-6118
-6064
-5991
-5987
-5984
-5943
-5876
-5857
-5848
-5793
-5722
-5635
-5584
-5558
-5540
-5536
-5520
-5519
-5416
-5388
-5344
-5319
-5300
-5289
-5284
-5268
-5202
-5175
-5161
-5136
-5030
-5022
-4941
-4940
-4879
-4868
-4852
-4841
-4827
-4756
-4749
-4728
-4721
-4638
-4604
-4599
-4562
-4524
-4521
-4515
-4452
-4429
-4416
-4301
-4299
-4287
-4255
-4248
-4208
-4141
-4099
-4059
-4010
-3936
-3930
-3925
-3915
-3885
-3850
-3830
-3815
-3742
-3671
-3644
-3637
-3596
-3592
-3573
-3566
-3558
-3505
-3340
-3332
-3244
-3217
-3205
-3179
-3128
-3080
-3079
-3068
-2964
-2946
-2942
-2923
-2910
-2880
-2858
-2845
-2829
-2796
-2794
-2732
-2718
-2718
-2695
-2662
-2658
-2651
-2650
-2625
-2574
-2572
-2516
-2486
-2466
-2452
-2435
-2426
-2370
-2344
-2343
-2173
-2140
-2125
-2125
-2094
-2061
-1991
-1920
-1899
-1881
-1818
-1814
-1813
-1807
-1699
-1699
-1697
-1692
-1675
-1654
-1588
-1538
-1534
-1527
-1466
-1366
-1348
-1265
-1229
-1227
-1162
-1124
-1064
-1041
-813
-788
-786
-773
-768
-759
-744
-731
-695
-608
-606
-594
-553
-528
-471
-403
-398
-397
-378
-377
-362
-351
-269
-259
-259
-245
-216
-205
-189
-153
-142
-139
-132
-8
9
20
39
70
71
83
99
121
129
201
333
391
429
444
485
521
563
568
579
581
598
603
691
692
734
751
767
850
868
922
930
1008
1131
1226
1257
1278
1320
1448
1503
1570
1610
1620
1661
1670
1711
1730
1792
1810
1827
1828
1851
1890
1915
1967
1970
1984
1991
1997
2021
2085
2139
2183
2192
2222
2263
2269
2282
2295
2429
2461
2497
2530
2534
2545
2549
2622
2702
2782
2792
2792
2814
2815
2829
2851
2885
2900
2980
3005
3022
3055
3080
3123
3145
3171
3187
3196
3198
3200
3212
3220
3227
3240
3248
3256
3318
3338
3425
3525
3547
3586
3611
3666
3737
3777
3856
3946
3954
3968
4009
4075
4090
4101
4179
4189
4198
4202
4205
4231
4361
4546
4546
4549
4566
4617
4654
4690
4698
4711
4720
4733
4750
4854
4867
4953
4958
4961
4970
4985
5033
5041
5089
5169
5226
5251
5352
5371
5384
5389
5398
5408
5417
5433
5446
5470
5525
5694
5722
5728
5754
5765
5771
5775
5783
5794
5844
5845
5874
6008
6030
6048
6089
6102
6129
6141
6146
6204
6305
6366
6369
6413
6422
6427
6446
6460
6491
6508
6557
6582
6586
6602
6612
6615
6667
6688
6723
6731
6784
6831
6834
6851
6860
6885
6890
6923
7043
7048
7049
7121
7178
7205
7221
7245
7271
7288
7321
7328
7406
7448
7473
7528
7534
7545
7582
7682
7688
7790
7793
7809
7849
7886
7901
7912
7952
7953
7966
7976
8060
8081
8100
8188
8250
8275
8283
8324
8383
8396
8399
8411
8414
8490
8496
8514
8514
8529
8591
8606
8631
8700
8703
8785
8831
8835
8852
8884
8922
8930
8962
8983
8991
9081
9265
9282
9401
9499
9527
9555
9616
9770
9774
9782
9783
9847
9868
9941
9958
9963
10016
10047
10048
10075
10083
10141
10143
10167
10184
10198
10202
10202
10224
10273
10282
10342
10350
10396
10466
10468
10518
10532
10539
10557
10668
10678
10680
10684
10746
10747
10765
10773
10797
10809
10929
10951
10955
10966
10974
10991
11014
11051
11110
11134
11149
11158
11211
11271
11300
11367
11427
11431
11435
11471
11486
11502
11520
11521
11593
11707
11755
11787
11830
11860
11872
11918
11957
11989
12019
12073
12126
12129
12155
12158
12180
12238
12275
12280
12295
12324
12344
12353
12355
12358
12406
12432
12438
12515
12525
12547
12567
12589
12618
12629
12634
12670
12704
12729
12729
12782
12837
12878
12891
12920
12936
13004
13020
13037
13139
13178
13208
13226
13232
13245
13250
13257
13285
13316
13345
13403
13438
13584
13613
13632
13759
13763
13776
13799
13803
13818
13870
13959
13963
13991
14035
14058
14077
14078
14122
14186
14231
14255
14377
14386
14399
14419
14463
14526
14536
14557
14560
14568
14615
14642
14659
14726
14753
14819
14824
14883
14935
14988
14996
15098
15121
15137
15183
15183
15190
15199
15271
15292
15333
15369
15416
15447
15454
15505
15625
15638
15689
15729
15745
15758
15760
15781
15802
15851
15862
15864
15865
15874
15940
16030
16038
16096
16128
16139
16145
16158
16217
16331
16338
16349
16448
16467
16498
16565
16575
16589
16594
16624
16657
16666
16713
16735
16748
16807
16825
16859
16876
16911
16924
16938
16983
16984
16990
16999
17015
17016
17056
17065
17076
17135
17148
17157
17182
17207
17213
17227
17244
17295
17327
17366
17427
17438
17457
17508
17569
17633
17699
17723
17728
17728
17780
17859
17911
17923
17973
18012
18026
18061
18064
18102
18170
18227
18255
18275
18345
18361
18364
18440
18456
18477
18494
18516
18534
18554
18563
18593
18720
18724
18827
18829
18849
18895
19039
19039
19080
19124
19131
19141
19149
19175
19184
19195
19206
19232
19406
19438
19443
19451
19467
19473
19512
19537
19582
19587
19635
19659
19670
19679
19714
19724
19724
19728
19773
19785
19792
19814
19904
19947
19951
19958
19975
19981
19989
20012
20101
20113
20124
20128
20194
20238
20259
20268
20284
20307
20340
20366
20392
20420
20421
20474
20509
20514
20523
20547
20576
20595
20645
20664
20703
20747
20801
20877
20900
20943
20955
20967
20987
21025
21026
21028
21033
21047
21074
21080
21109
21111
21113
21156
21238
21271
21350
21374
21419
21433
21457
21462
21465
21474
21480
21535
21580
21622
21658
21665
21685
21735
21762
21797
21805
21845
21884
21906
21980
21982
22015
22070
22139
22159
22178
22199
22237
22336
22353
22414
22488
22512
22539
22550
22620
22638
22715
22769
22823
22828
22832
22839
22858
22869
22902
22972
23035
23058
23082
23085
23155
23162
23289
23340
23355
23391
23454
23458
23532
23533
23656
23669
23673
23713
23754
23791
23826
23848
23876
23930
23934
23947
23987
23988
24037
24052
24056
24061
24083
24105
24147
24196
24234
24243
24247
24300
24348
24380
24382
24390
24401
24403
24407
24439
24521
24526
24572
24618
24638
24652
24729
24769
24833
24844
24847
24848
24978
24981
24988
24988
25005
25050
25104
25128
25135
25219
25233
25283
25286
25290
25316
25343
25358
25358
25369
25412
25529
25530
25532
25561
25566
25573
25589
25599
25631
25656
25656
25679
25756
25812
25924
25956
25960
25970
26023
26031
26032
26059
26074
26099
26114
26119
26141
26182
26226
26291
26343
26385
26386
26392
26394
26429
26489
26673
26758
26841
26872
26874
26905
26927
26928
26980
26984
26999
27065
27073
27085
27085
27109
27137
27222
27261
27263
27302
27366
27370
27371
27443
27444
27479
27502
27512
27518
27541
27550
27580
27587
27610
27684
27689
27703
27831
27892
27944
27972
28054
28074
28084
28091
28130
28197
28213
28237
28251
28264
28287
28343
28343
28391
28432
28463
28536
28541
28564
28592
28603
28608
28622
28627
28639
28649
28703
28752
28752
28761
28818
28819
28908
28945
29059
29073
29193
29235
29247
29249
29429
29444
29472
29521
29655
29676
29767
29863
29877
29958
30012
30014
30020
30049
30076
30080
30101
30119
30121
30134
30144
30149
30168
30169
30209
30219
30241
30309
30318
30383
30432
30432
30475
30479
30499
30503
30510
30511
30528
30562
30582
30623
30633
30682
30708
30713
30744
30845
30856
30884
30884
30921
30929
30960
30977
30997
30999
31033
31077
31099
31102
31121
31142
31149
31180
31184
31197
31210
31248
31256
31478
31504
31506
31597
31620
31629
31633
31654
31676
31699
31720
31723
31744
31754
31768
31911
31999
32000
32014
32050
32050
32058
32071
32122
32176
32177
32295
32302
32313
32315
32358
32361
32487
32537
32659
32677
32705
32759
