32726
32678
32060
31934
31196
30838
30695
30080
29855
29815
29812
29763
29734
29350
29288
29141
29087
28689
27870
27726
27067
26969
26488
26428
25898
25705
25620
25542
25205
25184
25087
25072
24970
24774
24472
24155
23342
23216
22619
22428
22171
21763
21634
21543
21080
20888
20851
20825
20783
20259
18678
18443
17841
17713
17578
17398
16972
16858
15759
15748
15629
15145
14955
14924
14700
14606
13829
13653
13648
13452
13357
13022
12673
12392
12249
12181
11462
11342
11258
11247
11124
10548
9961
9515
9357
9313
9232
7605
7262
7200
6923
6816
6705
6652
6511
6439
5997
5994
5938
5686
5601
5589
3561
3039
2963
2598
2363
2220
1993
1954
1650
1355
1071
690
610
503
-300
-788
-1131
-1200
-1528
-1539
-1679
-1758
-1885
-2011
-2088
-2324
-2483
-2589
-3359
-3527
-3676
-3829
-4084
-4186
-4213
-4565
-4681
-4693
-5108
-5454
-5565
-6064
-6077
-6234
-6410
-6493
-6540
-6541
-6704
-7038
-7815
-7864
-8405
-8683
-8759
-8932
-9496
-9781
-10008
-10112
-10353
-11075
-11422
-11635
-11662
-12637
-12734
-12760
-12843
-12938
-13007
-13985
-14256
-14295
-14369
-14485
-14887
-14932
-15262
-15264
-15790
-15944
-16036
-16215
-16634
-16641
-16962
-17103
-17825
-17864
-17870
-17913
-18132
-18240
-18540
-18696
-18786
-19090
-19314
-19369
-19964
-20072
-20175
-20415
-20608
-20710
-20913
-21025
-21363
-21520
-22142
-22663
-22701
-22848
-22850
-22867
-23271
-23831
-23847
-23992
-24028
-24041
-24129
-24429
-24766
-24855
-24948
-25269
-25313
-25508
-25629
-26264
-26463
-26534
-26740
-26909
-27384
-28323
-28704
-28712
-28869
-29174
-29361
-29541
-29556
-30003
-30093
-30877
-31001
-31240
-31627
-31783
-32226
-32356
