32759
32705
32677
32659
32537
32487
32361
32358
32315
32313
32302
32295
32177
32176
32122
32071
32058
32050
32050
32014
32000
31999
31911
31768
31754
31744
31723
31720
31699
31676
31654
31633
31629
31620
31597
31506
31504
31478
31256
31248
31210
31197
31184
31180
31149
31142
31121
31102
31099
31077
31033
30999
30997
30977
30960
30929
30921
30884
30884
30856
30845
30744
30713
30708
30682
30633
30623
30582
30562
30528
30511
30510
30503
30499
30479
30475
30432
30432
30383
30318
30309
30241
30219
30209
30169
30168
30149
30144
30134
30121
30119
30101
30080
30076
30049
30020
30014
30012
29958
29877
29863
29767
29676
29655
29521
29472
29444
29429
29249
29247
29235
29193
29073
29059
28945
28908
28819
28818
28761
28752
28752
28703
28649
28639
28627
28622
28608
28603
28592
28564
28541
28536
28463
28432
28391
28343
28343
28287
28264
28251
28237
28213
28197
28130
28091
28084
28074
28054
27972
27944
27892
27831
27703
27689
27684
27610
27587
27580
27550
27541
27518
27512
27502
27479
27444
27443
27371
27370
27366
27302
27263
27261
27222
27137
27109
27085
27085
27073
27065
26999
26984
26980
26928
26927
26905
26874
26872
26841
26758
26673
26489
26429
26394
26392
26386
26385
26343
26291
26226
26182
26141
26119
26114
26099
26074
26059
26032
26031
26023
25970
25960
25956
25924
25812
25756
25679
25656
25656
25631
25599
25589
25573
25566
25561
25532
25530
25529
25412
25369
25358
25358
25343
25316
25290
25286
25283
25233
25219
25135
25128
25104
25050
25005
24988
24988
24981
24978
24848
24847
24844
24833
24769
24729
24652
24638
24618
24572
24526
24521
24439
24407
24403
24401
24390
24382
24380
24348
24300
24247
24243
24234
24196
24147
24105
24083
24061
24056
24052
24037
23988
23987
23947
23934
23930
23876
23848
23826
23791
23754
23713
23673
23669
23656
23533
23532
23458
23454
23391
23355
23340
23289
23162
23155
23085
23082
23058
23035
22972
22902
22869
22858
22839
22832
22828
22823
22769
22715
22638
22620
22550
22539
22512
22488
22414
22353
22336
22237
22199
22178
22159
22139
22070
22015
21982
21980
21906
21884
21845
21805
21797
21762
21735
21685
21665
21658
21622
21580
21535
21480
21474
21465
21462
21457
21433
21419
21374
21350
21271
21238
21156
21113
21111
21109
21080
21074
21047
21033
21028
21026
21025
20987
20967
20955
20943
20900
20877
20801
20747
20703
20664
20645
20595
20576
20547
20523
20514
20509
20474
20421
20420
20392
20366
20340
20307
20284
20268
20259
20238
20194
20128
20124
20113
20101
20012
19989
19981
19975
19958
19951
19947
19904
19814
19792
19785
19773
19728
19724
19724
19714
19679
19670
19659
19635
19587
19582
19537
19512
19473
19467
19451
19443
19438
19406
19232
19206
19195
19184
19175
19149
19141
19131
19124
19080
19039
19039
18895
18849
18829
18827
18724
18720
18593
18563
18554
18534
18516
18494
18477
18456
18440
18364
18361
18345
18275
18255
18227
18170
18102
18064
18061
18026
18012
17973
17923
17911
17859
17780
17728
17728
17723
17699
17633
17569
17508
17457
17438
17427
17366
17327
17295
17244
17227
17213
17207
17182
17157
17148
17135
17076
17065
17056
17016
17015
16999
16990
16984
16983
16938
16924
16911
16876
16859
16825
16807
16748
16735
16713
16666
16657
16624
16594
16589
16575
16565
16498
16467
16448
16349
16338
16331
16217
16158
16145
16139
16128
16096
16038
16030
15940
15874
15865
15864
15862
15851
15802
15781
15760
15758
15745
15729
15689
15638
15625
15505
15454
15447
15416
15369
15333
15292
15271
15199
15190
15183
15183
15137
15121
15098
14996
14988
14935
14883
14824
14819
14753
14726
14659
14642
14615
14568
14560
14557
14536
14526
14463
14419
14399
14386
14377
14255
14231
14186
14122
14078
14077
14058
14035
13991
13963
13959
13870
13818
13803
13799
13776
13763
13759
13632
13613
13584
13438
13403
13345
13316
13285
13257
13250
13245
13232
13226
13208
13178
13139
13037
13020
13004
12936
12920
12891
12878
12837
12782
12729
12729
12704
12670
12634
12629
12618
12589
12567
12547
12525
12515
12438
12432
12406
12358
12355
12353
12344
12324
12295
12280
12275
12238
12180
12158
12155
12129
12126
12073
12019
11989
11957
11918
11872
11860
11830
11787
11755
11707
11593
11521
11520
11502
11486
11471
11435
11431
11427
11367
11300
11271
11211
11158
11149
11134
11110
11051
11014
10991
10974
10966
10955
10951
10929
10809
10797
10773
10765
10747
10746
10684
10680
10678
10668
10557
10539
10532
10518
10468
10466
10396
10350
10342
10282
10273
10224
10202
10202
10198
10184
10167
10143
10141
10083
10075
10048
10047
10016
9963
9958
9941
9868
9847
9783
9782
9774
9770
9616
9555
9527
9499
9401
9282
9265
9081
8991
8983
8962
8930
8922
8884
8852
8835
8831
8785
8703
8700
8631
8606
8591
8529
8514
8514
8496
8490
8414
8411
8399
8396
8383
8324
8283
8275
8250
8188
8100
8081
8060
7976
7966
7953
7952
7912
7901
7886
7849
7809
7793
7790
7688
7682
7582
7545
7534
7528
7473
7448
7406
7328
7321
7288
7271
7245
7221
7205
7178
7121
7049
7048
7043
6923
6890
6885
6860
6851
6834
6831
6784
6731
6723
6688
6667
6615
6612
6602
6586
6582
6557
6508
6491
6460
6446
6427
6422
6413
6369
6366
6305
6204
6146
6141
6129
6102
6089
6048
6030
6008
5874
5845
5844
5794
5783
5775
5771
5765
5754
5728
5722
5694
5525
5470
5446
5433
5417
5408
5398
5389
5384
5371
5352
5251
5226
5169
5089
5041
5033
4985
4970
4961
4958
4953
4867
4854
4750
4733
4720
4711
4698
4690
4654
4617
4566
4549
4546
4546
4361
4231
4205
4202
4198
4189
4179
4101
4090
4075
4009
3968
3954
3946
3856
3777
3737
3666
3611
3586
3547
3525
3425
3338
3318
3256
3248
3240
3227
3220
3212
3200
3198
3196
3187
3171
3145
3123
3080
3055
3022
3005
2980
2900
2885
2851
2829
2815
2814
2792
2792
2782
2702
2622
2549
2545
2534
2530
2497
2461
2429
2295
2282
2269
2263
2222
2192
2183
2139
2085
2021
1997
1991
1984
1970
1967
1915
1890
1851
1828
1827
1810
1792
1730
1711
1670
1661
1620
1610
1570
1503
1448
1320
1278
1257
1226
1131
1008
930
922
868
850
767
751
734
692
691
603
598
581
579
568
563
521
485
444
429
391
333
201
129
121
99
83
71
70
39
20
9
-8
-132
-139
-142
-153
-189
-205
-216
-245
-259
-259
-269
-351
-362
-377
-378
-397
-398
-403
-471
-528
-553
-594
-606
-608
-695
-731
-744
-759
-768
-773
-786
-788
-813
-1041
-1064
-1124
-1162
-1227
-1229
-1265
-1348
-1366
-1466
-1527
-1534
-1538
-1588
-1654
-1675
-1692
-1697
-1699
-1699
-1807
-1813
-1814
-1818
-1881
-1899
-1920
-1991
-2061
-2094
-2125
-2125
-2140
-2173
-2343
-2344
-2370
-2426
-2435
-2452
-2466
-2486
-2516
-2572
-2574
-2625
-2650
-2651
-2658
-2662
-2695
-2718
-2718
-2732
-2794
-2796
-2829
-2845
-2858
-2880
-2910
-2923
-2942
-2946
-2964
-3068
-3079
-3080
-3128
-3179
-3205
-3217
-3244
-3332
-3340
-3505
-3558
-3566
-3573
-3592
-3596
-3637
-3644
-3671
-3742
-3815
-3830
-3850
-3885
-3915
-3925
-3930
-3936
-4010
-4059
-4099
-4141
-4208
-4248
-4255
-4287
-4299
-4301
-4416
-4429
-4452
-4515
-4521
-4524
-4562
-4599
-4604
-4638
-4721
-4728
-4749
-4756
-4827
-4841
-4852
-4868
-4879
-4940
-4941
-5022
-5030
-5136
-5161
-5175
-5202
-5268
-5284
-5289
-5300
-5319
-5344
-5388
-5416
-5519
-5520
-5536
-5540
-5558
-5584
-5635
-5722
-5793
-5848
-5857
-5876
-5943
-5984
-5987
-5991
-6064
-6118
-6153
-6167
-6170
-6190
-6204
-6219
-6332
-6336
-6340
-6341
-6345
-6358
-6426
-6430
-6430
-6490
-6533
-6550
-6562
-6576
-6611
-6667
-6708
-6833
-6872
-6881
-6925
-6932
-6955
-7007
-7030
-7043
-7148
-7161
-7237
-7239
-7299
-7300
-7406
-7435
-7481
-7492
-7538
-7544
-7580
-7629
-7768
-7898
-7970
-7997
-8034
-8061
-8080
-8148
-8168
-8174
-8186
-8202
-8217
-8252
-8256
-8324
-8324
-8351
-8357
-8383
-8421
-8437
-8477
-8491
-8526
-8596
-8672
-8695
-8709
-8741
-8764
-8768
-8853
-8907
-8941
-8987
-9006
-9023
-9050
-9053
-9074
-9086
-9094
-9129
-9133
-9190
-9228
-9266
-9299
-9321
-9387
-9388
-9407
-9421
-9425
-9449
-9488
-9503
-9524
-9566
-9601
-9624
-9695
-9699
-9754
-9803
-9843
-9850
-9921
-9923
-9951
-9964
-9988
-10030
-10057
-10103
-10106
-10165
-10199
-10204
-10234
-10287
-10309
-10313
-10365
-10485
-10489
-10558
-10574
-10606
-10607
-10666
-10713
-10724
-10794
-10832
-10843
-10909
-10915
-10923
-10945
-10961
-10976
-11011
-11026
-11044
-11047
-11073
-11080
-11091
-11127
-11223
-11237
-11261
-11299
-11319
-11320
-11383
-11430
-11452
-11472
-11508
-11554
-11560
-11569
-11576
-11597
-11630
-11650
-11681
-11714
-11771
-11788
-11825
-11827
-11849
-11886
-11906
-11957
-11960
-11986
-12003
-12012
-12018
-12060
-12082
-12082
-12083
-12100
-12121
-12135
-12151
-12187
-12205
-12229
-12251
-12293
-12300
-12312
-12341
-12365
-12452
-12464
-12488
-12488
-12517
-12561
-12572
-12619
-12722
-12725
-12733
-12746
-12755
-12779
-12840
-12844
-12978
-13009
-13063
-13076
-13143
-13156
-13175
-13179
-13192
-13196
-13207
-13209
-13245
-13245
-13253
-13290
-13303
-13310
-13357
-13361
-13362
-13454
-13467
-13502
-13518
-13590
-13612
-13629
-13659
-13697
-13716
-13746
-13758
-13784
-13888
-13940
-13950
-13971
-14016
-14063
-14080
-14086
-14144
-14246
-14274
-14334
-14345
-14422
-14471
-14523
-14552
-14611
-14643
-14684
-14702
-14771
-14812
-14820
-14932
-15037
-15062
-15089
-15090
-15257
-15282
-15290
-15374
-15406
-15415
-15444
-15447
-15452
-15535
-15610
-15653
-15665
-15676
-15726
-15749
-15793
-15822
-15827
-15851
-15863
-15885
-15905
-15907
-15928
-15941
-15955
-15966
-15980
-16051
-16065
-16085
-16117
-16125
-16163
-16257
-16259
-16317
-16461
-16534
-16544
-16649
-16653
-16677
-16701
-16710
-16714
-16727
-16909
-16952
-16966
-16972
-17004
-17073
-17125
-17187
-17205
-17236
-17253
-17264
-17271
-17362
-17368
-17519
-17530
-17552
-17554
-17586
-17623
-17653
-17683
-17683
-17686
-17746
-17752
-17757
-17774
-17831
-17882
-17950
-17953
-17974
-17975
-18147
-18250
-18268
-18334
-18442
-18551
-18584
-18629
-18664
-18697
-18762
-18775
-18884
-18899
-18938
-18944
-19026
-19072
-19097
-19140
-19160
-19198
-19221
-19298
-19323
-19337
-19455
-19459
-19485
-19490
-19491
-19511
-19551
-19552
-19593
-19606
-19634
-19647
-19718
-19736
-19952
-19984
-19984
-20016
-20031
-20050
-20067
-20084
-20183
-20199
-20311
-20311
-20323
-20335
-20373
-20454
-20476
-20526
-20552
-20570
-20577
-20727
-20735
-20736
-20784
-20803
-20840
-20893
-20903
-20920
-20920
-20949
-20989
-20990
-21002
-21033
-21070
-21072
-21098
-21100
-21129
-21135
-21157
-21197
-21228
-21228
-21234
-21260
-21267
-21302
-21364
-21382
-21413
-21433
-21439
-21448
-21465
-21493
-21517
-21518
-21547
-21561
-21564
-21576
-21599
-21614
-21738
-21754
-21778
-21793
-21839
-21841
-21871
-21881
-21885
-21894
-21945
-21970
-21984
-21987
-22015
-22090
-22151
-22167
-22174
-22211
-22249
-22270
-22290
-22322
-22338
-22399
-22411
-22426
-22492
-22509
-22514
-22590
-22622
-22638
-22710
-22716
-22729
-22749
-22815
-22837
-22844
-22988
-22999
-23061
-23117
-23144
-23207
-23210
-23213
-23263
-23267
-23277
-23279
-23290
-23305
-23322
-23326
-23370
-23380
-23387
-23409
-23504
-23542
-23572
-23592
-23675
-23705
-23724
-23725
-23742
-23791
-23873
-23961
-23990
-24014
-24023
-24072
-24075
-24090
-24120
-24149
-24168
-24191
-24192
-24196
-24214
-24296
-24370
-24399
-24477
-24485
-24499
-24540
-24597
-24612
-24620
-24696
-24705
-24727
-24796
-24837
-24853
-24898
-24919
-24955
-24968
-24992
-24999
-25111
-25188
-25191
-25304
-25316
-25316
-25321
-25331
-25352
-25412
-25422
-25434
-25518
-25519
-25547
-25560
-25594
-25610
-25615
-25633
-25645
-25674
-25686
-25706
-25709
-25726
-25760
-25790
-25791
-25812
-25867
-25896
-25974
-26099
-26103
-26126
-26176
-26197
-26199
-26255
-26320
-26419
-26439
-26518
-26539
-26542
-26573
-26588
-26605
-26658
-26664
-26824
-26862
-26896
-26966
-26979
-26982
-27053
-27064
-27149
-27151
-27195
-27219
-27272
-27285
-27294
-27318
-27321
-27422
-27437
-27446
-27450
-27500
-27560
-27578
-27579
-27587
-27590
-27609
-27617
-27625
-27649
-27656
-27667
-27743
-27745
-27804
-27818
-27842
-27879
-27901
-28015
-28050
-28051
-28066
-28099
-28102
-28134
-28166
-28208
-28221
-28264
-28297
-28350
-28428
-28465
-28499
-28532
-28592
-28599
-28611
-28638
-28672
-28717
-28735
-28815
-28825
-28827
-28838
-28841
-28849
-28901
-28965
-28969
-29023
-29045
-29115
-29146
-29173
-29213
-29235
-29276
-29313
-29313
-29372
-29397
-29483
-29494
-29503
-29551
-29557
-29569
-29647
-29666
-29674
-29710
-29719
-29758
-29768
-29788
-29831
-29854
-29881
-29907
-29935
-29942
-29959
-29981
-30028
-30059
-30096
-30102
-30118
-30168
-30185
-30270
-30283
-30301
-30301
-30337
-30382
-30406
-30439
-30444
-30497
-30519
-30565
-30571
-30573
-30574
-30583
-30703
-30736
-30759
-30808
-30837
-30843
-30870
-30883
-30935
-30943
-30951
-30973
-31065
-31089
-31098
-31103
-31159
-31215
-31219
-31258
-31314
-31321
-31347
-31365
-31395
-31413
-31417
-31467
-31480
-31544
-31579
-31587
-31588
-31623
-31623
-31665
-31665
-31668
-31724
-31785
-31796
-31807
-31826
-31833
-32046
-32051
-32091
-32097
-32134
-32138
-32169
-32174
-32189
-32252
-32271
-32297
-32327
-32353
-32371
-32490
-32501
-32505
-32514
-32514
-32528
-32581
-32679
