-32765
-32701
-32657
-32652
-32612
-32503
-32301
-32261
-32200
-32125
-32046
-31920
-31641
-31620
-31245
-31034
-31000
-30971
-30931
-30906
-30875
-30862
-30836
-30792
-30783
-30614
-30581
-30548
-30432
-30424
-30412
-30397
-30350
-30308
-30211
-30175
-29986
-29977
-29962
-29756
-29744
-29250
-29236
-29218
-29182
-29130
-29074
-29065
-29011
-29001
-28995
-28970
-28892
-28786
-28782
-28765
-28630
-28583
-28504
-28402
-28392
-28313
-28299
-28290
-28213
-28180
-28148
-28119
-28049
-28047
-27999
-27956
-27841
-27760
-27759
-27732
-27714
-27692
-27669
-27621
-27577
-27577
-27504
-27441
-27330
-27296
-27091
-27085
-27005
-26947
-26900
-26867
-26814
-26811
-26803
-26792
-26790
-26781
-26727
-26528
-26484
-26364
-26363
-26248
-26206
-26200
-26134
-26068
-26034
-25880
-25858
-25846
-25834
-25631
-25563
-25428
-25403
-25386
-25385
-25367
-25302
-25264
-25236
-25197
-25191
-25128
-25023
-24979
-24958
-24834
-24828
-24773
-24696
-24671
-24642
-24637
-24557
-24514
-24353
-24346
-24320
-24290
-24241
-24216
-24146
-24118
-24117
-24115
-24099
-24028
-24008
-24007
-23987
-23967
-23893
-23743
-23684
-23639
-23501
-23492
-23390
-23292
-23283
-23231
-23152
-23105
-23101
-23043
-23041
-22974
-22912
-22716
-22688
-22678
-22659
-22566
-22482
-22348
-22312
-22284
-22241
-22197
-22187
-22129
-22056
-21862
-21766
-21693
-21683
-21595
-21575
-21547
-21528
-21447
-21411
-21376
-21358
-21321
-21295
-21284
-21265
-21229
-21219
-21184
-21109
-21060
-20997
-20877
-20851
-20769
-20736
-20722
-20666
-20654
-20643
-20580
-20577
-20403
-20386
-20253
-20183
-20083
-19914
-19664
-19533
-18990
-18990
-18913
-18913
-18792
-18718
-18684
-18677
-18613
-18493
-18490
-18423
-18300
-18283
-18175
-18166
-18154
-18135
-18125
-18085
-18038
-18028
-18018
-18008
-17893
-17889
-17877
-17708
-17668
-17584
-17461
-17420
-17377
-17282
-17118
-17107
-17103
-17014
-16991
-16883
-16857
-16840
-16833
-16742
-16693
-16430
-16371
-16345
-16296
-16251
-16191
-16129
-16081
-16040
-16016
-15948
-15945
-15826
-15787
-15623
-15618
-15567
-15492
-15463
-15407
-15349
-15257
-15248
-15038
-15000
-14907
-14895
-14890
-14878
-14713
-14633
-14631
-14443
-14428
-14398
-14318
-14272
-14118
-14091
-13993
-13973
-13924
-13885
-13874
-13852
-13843
-13787
-13784
-13774
-13509
-13406
-13371
-13336
-13224
-13194
-13171
-13152
-13079
-13043
-12933
-12686
-12674
-12628
-12536
-12503
-12448
-12356
-11857
-11836
-11822
-11798
-11754
-11684
-11647
-11622
-11544
-11514
-11503
-11458
-11400
-11382
-11381
-11323
-11245
-11211
-11146
-10758
-10681
-10679
-10677
-10615
-10600
-10542
-10506
-10485
-10428
-10390
-10382
-10382
-10142
-10133
-9858
-9793
-9768
-9707
-9578
-9507
-9467
-9310
-9227
-9023
-8996
-8978
-8965
-8872
-8692
-8627
-8472
-8400
-8346
-8329
-8326
-8272
-8266
-8044
-8042
-7975
-7918
-7886
-7611
-7603
-7511
-7498
-7373
-7349
-7239
-7162
-7137
-7058
-6932
-6923
-6915
-6816
-6766
-6599
-6595
-6538
-6533
-6464
-6259
-6139
-6125
-5939
-5927
-5907
-5646
-5628
-5610
-5553
-5513
-5225
-5193
-5190
-5174
-5117
-5084
-5033
-4998
-4982
-4715
-4712
-4651
-4629
-4592
-4591
-4434
-4327
-4047
-4006
-3995
-3904
-3730
-3542
-3454
-3432
-3426
-3402
-3380
-3328
-3271
-3241
-3187
-3053
-2872
-2695
-2670
-2645
-2556
-2554
-2534
-2520
-2503
-2403
-2397
-2340
-2270
-2264
-2257
-2151
-2047
-2019
-2018
-1981
-1897
-1892
-1847
-1790
-1771
-1707
-1662
-1497
-1443
-1441
-1430
-1363
-1280
-1238
-1157
-1023
-906
-893
-698
-666
-555
-415
-361
-225
-138
-119
-113
-75
-65
-53
-40
-26
205
289
304
565
592
613
826
832
833
846
979
990
1071
1267
1344
1401
1710
1862
1866
1898
1936
1943
1990
2145
2208
2286
2401
2451
2461
2593
2734
2927
2943
3154
3184
3210
3239
3523
3529
3565
3582
3586
3591
3760
3917
4157
4202
4229
4235
4346
4464
4489
4580
4632
4795
4860
4883
4907
4949
5045
5137
5158
5220
5279
5450
5471
5507
5638
5651
5676
5692
5752
5821
5893
5906
6038
6038
6097
6238
6300
6329
6379
6407
6421
6463
6558
6767
6862
6878
7075
7103
7104
7195
7283
7301
7357
7441
7452
7470
7531
7551
7590
7666
7811
7915
7961
7986
7993
8315
8339
8421
8510
8636
8684
8707
8934
8935
9090
9102
9273
9290
9364
9405
9425
9505
9658
9984
10006
10103
10134
10144
10189
10258
10270
10285
10312
10324
10350
10426
10459
10538
10599
10635
10654
10663
10670
10698
10700
10700
10720
10748
10761
10790
10844
10872
10883
10891
10935
10996
11069
11094
11238
11267
11393
11504
11698
11980
12021
12033
12078
12087
12212
12245
12253
12294
12319
12472
12527
12529
12570
12581
12600
12759
12779
12826
12911
12927
12935
12946
12983
13165
13370
13377
13452
13519
13540
13642
13773
13810
13851
13946
13998
14066
14108
14119
14161
14248
14286
14381
14481
14693
14790
14804
14835
14962
14984
15100
15144
15145
15290
15296
15319
15377
15433
15477
15568
15581
15765
16002
16090
16256
16320
16321
16339
16405
16497
16586
16589
16717
16754
16769
16895
17022
17064
17117
17132
17157
17199
17204
17233
17241
17260
17342
17369
17553
17571
17591
17610
17916
17929
17929
17939
17998
18011
18061
18133
18174
18222
18237
18281
18382
18457
18479
18509
18631
18633
18675
18686
18721
18759
18828
18840
18915
19044
19047
19050
19093
19103
19104
19154
19161
19172
19203
19271
19368
19402
19410
19531
19662
19692
19770
19801
19842
19911
19974
19982
20065
20173
20178
20189
20217
20237
20274
20308
20383
20415
20538
20620
20889
20967
21001
21006
21051
21098
21267
21337
21396
21409
21419
21555
21641
21710
21768
21867
21901
21911
22037
22162
22511
22530
22667
22777
22795
22795
22892
22908
22951
22974
23024
23061
23112
23116
23168
23194
23256
23407
23448
23455
23699
23775
23838
23901
23917
23994
24016
24122
24160
24271
24272
24473
24541
24593
24593
24599
24668
24696
24743
24816
24979
25020
25027
25052
25079
25095
25141
25149
25190
25215
25314
25328
25395
25449
25452
25502
25524
25679
25710
25791
25813
25822
25836
25967
25981
26053
26177
26321
26333
26412
26584
26610
26611
26615
26758
26804
26814
26847
26919
26984
27038
27043
27123
27189
27251
27256
27296
27393
27633
27651
27792
27799
27896
27918
27936
28074
28082
28211
28246
28262
28317
28411
28469
28487
28569
28703
28733
28747
28773
28822
28854
28856
28956
28963
29361
29465
29556
29617
29669
29731
29761
29768
29789
29795
29832
29849
29866
29876
29897
29909
30037
30041
30227
30259
30323
30345
30466
30470
30643
30775
30811
30947
31065
31088
31155
31203
31310
31357
31453
31476
31547
31550
31597
31641
31690
31708
31864
31913
32018
32074
32094
32106
32145
32179
32240
32469
32471
32557
32621
32676
32703
