71
14122
-7997
-1899
1320
16984
1915
-19485
-10199
-4208
30169
-4879
17207
-25706
-24075
20124
-17774
20128
3145
-11714
-24168
20307
-23504
-1697
-15955
-2343
-32097
-20736
-25633
930
19904
-12488
31754
32176
-15415
4231
19975
20514
16657
19438
-15447
24618
25631
-27219
-20990
-8672
-21302
26928
-24898
-10945
2222
5794
-12844
-21547
485
31723
-16653
28130
-1466
22512
3318
-142
31506
10684
-30270
8250
-20311
19195
11520
-20183
27892
6784
-12187
28343
16859
-14016
22832
-17683
22015
18516
39
-3205
-29146
-23675
-9387
6030
21735
-20373
12073
-786
-31785
18345
-16085
-30935
-30883
16096
2085
521
21982
7688
-17236
27065
4198
26386
-10976
-12121
7245
28564
-2572
-2370
31654
-11080
23391
30510
-25867
-1675
30499
-25790
31256
20703
20967
-23542
-3566
14186
-19198
18364
-31665
20340
2814
18012
3338
12525
29249
-3079
-28838
-8421
-5991
-21839
16565
19473
-21970
-27053
6508
-4429
27689
-11771
-16259
-23572
10966
18170
22199
-3850
12936
19406
-10313
-32371
-17073
-2173
31102
-31417
-6153
20595
-29213
27370
-23305
24833
-4852
-30519
7793
-21465
-15444
-17271
-28099
-8596
-17552
14753
-27590
-13357
7809
-25686
-259
-2435
4101
22869
6731
26074
-30843
13316
30511
-5722
-10057
-8174
2183
17295
16983
-29503
24300
21480
15505
22858
10557
-24120
23656
-3332
17182
-11320
21074
-9094
-21364
19714
24390
-26255
-31467
14231
-2880
16128
4720
-32091
27587
12126
-31159
3220
-31314
24147
30134
751
31478
12589
7976
4090
-29372
-30301
24844
-26539
-11827
-8186
1827
-17623
-22514
-3644
23669
31676
7952
27137
-22988
7288
28074
-3915
25656
9616
12129
1984
7049
18026
10202
-5416
-14552
-12755
-22844
19443
31999
121
-31413
-15793
-12060
-9074
-32501
13208
-11026
26291
10929
30977
-8
922
15137
13803
7912
-17253
-7299
22902
6369
12729
12438
5226
-28134
24348
-9503
-25518
-27437
-13179
-23144
-10961
-6576
20645
22972
24196
-15535
-1229
23532
16158
-24620
19724
24526
8983
-30574
-26588
20664
20877
-2942
30623
15625
-27842
31149
-13590
7328
-27804
-16909
-12779
10083
10532
26099
-11047
-15290
-29959
22139
27580
-21778
18456
29444
-16125
4698
31180
-6064
29472
-19593
3005
15333
-27587
15638
-1064
8399
17508
13438
22638
-4059
-744
24769
-26518
-10558
-23061
-9190
1226
-17004
31768
-31347
4566
21665
32000
-29173
10668
-31579
17728
12158
-23267
734
5169
1570
-29235
1711
4750
7545
-21754
-8217
-29942
10273
-27579
-9388
-11886
10809
7321
-29881
13020
-20454
-21984
-22999
18829
21457
-10365
30049
28592
30119
-29313
-16117
-19160
-153
-6562
4854
11134
25050
-21945
20747
-8061
20259
2885
-2718
-5268
32050
13799
16735
2792
26182
-25316
-13758
-22399
-8357
15271
17780
-30406
-17686
-8252
23035
-28428
25960
-20949
26385
17157
-4841
11593
31033
-29768
-29935
-30096
-21561
-5584
-28499
-11849
8606
28287
22769
-1588
-12083
11158
16938
-20920
15758
-9023
-19298
5470
-24196
-9988
-2946
8275
-25519
-26197
-1654
14058
23791
-24837
13232
-19736
9958
27085
-5284
-20727
-2426
14536
-23370
-1348
-26199
-3573
-8351
-27617
-30571
25529
-11044
16467
7528
12634
-17757
581
-15941
-15749
-9299
-4099
-13245
201
24083
-20735
18895
-6170
-28717
28752
19773
18255
22070
-10030
10765
2980
12358
6008
-6667
-15928
31099
13870
25412
18064
-20084
17911
9868
23826
17366
24988
15865
23947
19659
5771
11110
-10666
12670
-3925
5874
7043
-5536
-20016
23934
-2061
-3815
30582
-12082
20900
-19337
11300
15864
-2695
-18629
-29788
31744
10075
-6490
14819
-27195
16807
-15374
21156
30432
27222
-553
-6955
-27625
-3128
-1527
8490
28054
-24192
12618
24056
2282
-26439
-21493
-269
-21033
-3592
-19026
19080
4961
-15907
13245
30121
2782
6491
14615
-13143
-14771
14935
-25412
-13467
-16952
1828
429
17699
-22151
5041
8383
30144
14077
-5202
4202
-22249
16575
24638
-31395
-17205
3123
-1041
2530
-14820
-7043
-25674
8100
-18775
-6430
28622
6890
-2452
9782
-25188
-11960
-9923
14659
-5943
-18584
-31668
3198
27479
-1813
15447
7271
12344
16448
12353
-13888
-11825
-6190
-32046
5775
14078
-10103
-377
6048
18494
12729
16038
-28672
15862
-27667
21465
-259
5389
21419
-2140
13632
-15822
-5161
26141
28432
32361
32313
-25645
1810
25970
-3596
8514
-23210
-19552
-471
11830
27261
-27151
83
26758
2295
30014
20284
-25812
-6341
-22290
-6611
-26982
-23387
-28050
-18268
30884
-20335
24105
-24992
27550
8060
-30759
-2923
-7300
-8256
10048
-1807
-8491
24382
30219
19679
-5519
-16701
-8324
-12725
-30283
-12488
13963
7534
2851
-23724
-20067
-20840
-24955
1661
18227
16139
22237
24848
7048
-28221
-13175
-32514
-17362
29676
21658
-20784
10466
30856
26429
-13629
-9843
20101
12920
-5136
7582
6366
29193
4179
-5987
-397
16594
-17653
30503
20
4953
5033
-15665
12280
-16966
868
22828
-14144
-9449
-12003
3240
-15610
-15282
-17187
-23961
-28599
-27318
-3558
-6358
7178
17457
7221
25756
-21260
25343
26841
-25352
8411
-21793
-6881
-25760
21271
5694
21535
10955
-20323
6688
-4010
-14932
31210
-26419
4189
-15851
-11223
-16649
24407
30884
-14812
-25304
23162
-18551
-2732
-18938
-21228
14526
15745
4205
-15257
9401
-24727
22353
-26542
-27149
14255
16748
-22815
-11073
-4749
-32169
-7970
-8768
13178
24981
-17586
-731
17859
5089
20238
27972
25656
-18147
-19511
28819
-12205
-788
-29045
-7492
30076
-403
-18899
10167
26114
-5793
-29854
6831
-23326
-11299
-29674
6612
-11957
-19491
2829
-13361
8496
15183
-11554
18102
-20476
9081
-31623
28343
15369
19989
-21599
-3179
24652
-28350
28945
-21871
-22590
32177
-5319
30528
5722
8785
19184
-18884
-10915
-11681
13759
4546
6427
-9421
-27818
21350
-16461
23458
27371
-13502
20420
7953
3586
-28735
20113
-28592
9265
22336
-12746
19512
2815
-25726
-773
3080
-23990
-24214
-5857
18849
13285
2702
21374
23848
-28638
28237
1792
26343
-7481
8991
-19984
27085
-24399
14386
-2650
-30185
28608
9499
-26896
-25331
11502
19537
31077
6851
14463
-3505
-21267
29655
-9695
26872
19670
7121
-14523
-12365
17135
-4599
-13192
19124
-28066
-12722
13818
-1692
18361
19728
11149
-31826
1278
-22338
-18944
-139
-6340
7966
-8148
-9951
-19551
6557
-13009
-21576
26023
15454
-11906
-24999
23930
-26658
8884
-20031
9783
-25422
20987
568
579
-25709
-4141
-8477
-27272
11435
-12517
-27743
-1265
12891
-1538
13776
10991
-23409
28197
25128
32759
18440
-29494
31620
6146
11486
-30943
21474
-11788
-15827
31504
-14246
-27285
10350
23673
-12312
14883
-7768
-17683
-21987
-13245
28639
-4248
-13207
3954
-13940
-19718
14377
-11472
-3885
18720
-14702
-10606
25924
13037
-1699
1890
-19606
-17975
2792
-25547
27684
-2829
32705
15689
-30870
9282
12180
-19072
-16051
11755
18477
24729
15851
-11237
-15676
27073
-21197
-2125
-15062
-27560
29073
-8709
10224
7682
-28815
-27446
14568
4361
25286
6089
-4604
-25594
598
23533
31184
-2964
11014
14996
-7148
10396
-25791
25589
23355
28251
-32271
-9228
-13454
-6430
13991
-24853
12567
29877
31197
10773
-26862
29429
10539
-21841
-5520
21047
-30382
11989
13403
21462
20392
-14063
-14611
692
-22270
-28849
20576
-2486
28603
16498
12878
6723
-22411
-23117
-1227
25290
20801
-16544
20012
5433
24401
-21135
30633
-32134
-3671
27263
-24540
10282
20366
3227
32071
6305
-25434
9555
-4299
4075
-21439
22488
26673
25358
32487
23713
-12452
24978
12704
28649
-22837
-19459
20955
-20526
-1366
23155
6446
19635
-3936
21238
24403
25599
-6925
12324
29863
-29276
-14334
-22426
-3244
28761
-5175
-24696
-14471
16713
16030
27109
29059
4546
-31103
391
-13196
-17950
-7435
6667
-10165
-30973
-2516
-4515
24243
2497
-11091
18563
-7007
15121
-2658
18275
-11576
-24919
-28611
30209
-23263
8514
5783
24988
-23705
15940
28391
4985
-26320
30997
28703
30562
-17554
32302
31629
21026
-528
25679
-20199
-18442
10016
15098
1730
-29551
444
-10485
-12572
-2858
129
6860
28627
6422
7473
333
11051
-16534
-22322
-8202
21580
-5388
-15885
27610
-14274
99
3055
-31065
24572
14726
20523
-31587
1997
19175
10678
-20893
7406
-10489
-4521
-9964
21113
-22710
13763
8188
-17264
-9754
25316
6586
-9524
27302
32659
30682
-2574
25566
5754
850
13226
6602
-28901
-22749
-30102
-21881
-16710
26489
10184
-10106
23987
-32490
10518
-32353
-2662
28213
-29115
19785
-21564
12837
-13784
-16972
-31544
13257
6129
-3340
-27901
-5876
-27500
13613
-20311
-6332
-1814
-216
6834
-32252
10141
-27450
17569
-4562
-25111
-11011
-31321
13345
-9850
-18664
27444
-30736
21025
-17953
-9006
-21129
-21070
-21228
-30059
22715
22178
5384
30383
3737
-5030
32315
2021
-17752
5446
13004
-28825
2549
8529
9
2429
-9133
10746
25283
-30439
8835
-20570
-7629
29521
-32189
-30444
-24705
-10713
16999
-25615
32058
-8383
20943
-29831
-12251
-13290
12295
24061
29767
-8034
-25191
-378
-27879
6615
-24072
-19952
22823
32537
1610
-12978
-7161
-2718
15183
-8695
-21072
8703
30845
-9050
31142
12155
-768
-30301
9847
3187
-10309
17633
-19140
-31724
3200
26031
-3217
13584
-2344
12019
11367
-32174
-7030
-22716
31699
21685
-25321
28541
25573
-11452
-12229
22159
-31665
-13950
8591
-23213
-11986
15190
21906
21622
-29666
1991
-9566
-23279
4867
-26103
30020
-1534
-31833
-10287
-4827
16624
11918
17244
-9086
-11508
-11597
31121
-8907
-5022
-1991
5251
-28965
26980
-28465
-12300
29235
-24612
23876
-5289
15199
2461
19131
8700
21080
2545
-30168
-18762
31633
23082
14560
6141
-6336
-6833
-28827
21028
-5984
30168
-29397
-7406
28463
4690
-5344
-14643
-12464
-5558
16911
19947
-9129
-14080
-8764
17076
-30118
24847
20547
-10832
-30837
-25896
-8324
-15653
-28841
15729
-30565
25532
-29719
24439
12238
-20803
22620
7849
-4524
11787
12629
-7898
-22638
-21002
-24485
-22211
18827
-3930
-12082
8831
-23290
3256
1448
-26126
-27064
-12293
-8437
16338
70
-6345
26059
-19221
-11560
-10923
-15905
-29313
26984
-10234
1970
-21157
3856
-23592
4733
-11383
-24499
-22090
-12100
-26573
6885
-13209
19981
-9699
-9407
-31219
11427
-25560
-15452
603
5398
-11569
16990
-29557
-11319
-24149
3946
19467
20509
30479
-23207
-32138
-1699
32014
12355
5765
31720
-28264
-30703
32050
-4301
17427
-2910
14824
-31098
1131
23754
-20903
-27609
26032
-11630
12432
-24090
-132
-21517
-9321
21805
-4721
4970
26394
17227
-20577
-205
14642
30318
18724
-31365
3171
5844
-22509
11872
15874
-13697
9941
-12341
-24968
-27321
-16727
8283
-6932
-1162
14035
25135
2534
17728
19724
25233
-17125
12782
17065
28264
-23322
28908
8631
-6426
563
14419
-8741
-13076
11521
19587
-7239
-20552
20474
-3742
2900
24234
10680
6923
-8168
-19634
-7544
30708
25219
16349
-7580
-21448
26119
23340
9770
-21433
2622
-5540
-18250
29247
-20050
8396
16331
-28051
13139
-24370
10143
17973
11957
27366
-10843
19814
11471
-11261
-20920
17327
-9053
-32528
-24597
-1881
-13310
-27578
-15090
-21234
24247
-27422
-25974
3022
-17519
-15966
-2794
8324
-31089
21797
6460
-30573
-26605
17438
27518
27944
17015
-19323
-1124
25369
1670
-28015
-22729
24037
-3830
-5300
-10794
-13303
13959
19206
-28969
-19455
-2651
32677
22539
27502
3196
-24023
17723
5371
1620
-13156
30149
-30497
27443
26392
-10204
-27294
19149
-32581
21845
-245
21433
14399
-32297
-8941
-26099
10974
-759
16145
-13659
767
3968
-2094
-31796
17923
5417
-17368
15781
-10574
21884
10468
-6204
30921
31911
19951
10342
3425
19451
10198
-31480
-21382
-21614
6204
4009
25005
16666
-3080
27541
7886
-12733
-10724
15292
-30951
9527
-4287
-1920
-11127
-29710
-9803
-29483
-5635
-23277
30080
4711
-8853
5408
7448
19141
15416
-1818
-19984
-17974
-21885
30960
23085
30101
-32505
-24796
21109
-8987
3525
15802
-13746
5352
-20989
-398
-12018
-16257
-23873
-3068
-25610
-2125
22839
-13518
-21518
-6167
-28166
26226
-17882
15760
14557
18554
18061
24521
-21098
-31258
-14345
-189
25956
-23725
-28532
20421
21762
-28208
25530
-19490
-29569
-13253
-27656
-30583
18593
-13362
3666
-6219
-26664
-608
-24014
3212
-22622
-22492
26999
11271
2192
16217
14988
-15089
22414
20268
25358
-27745
10797
-29647
-7237
-29907
4549
19039
30012
11431
691
-2845
-4416
17056
-6872
1008
30309
32358
30744
8930
-27649
-4868
7901
-4255
26927
-362
28818
23289
-4941
-2796
-12840
-12135
19582
13250
8852
-9601
21033
-21894
-8526
-6533
27512
16825
25812
5845
10202
-29758
-16677
21111
-11650
21980
-32327
-13716
-6118
3777
-16065
30713
-26176
26874
30241
-19097
31248
17148
28536
4617
-9624
-4638
25561
12547
19039
-29981
8414
-25316
1967
-22167
-16163
9774
30999
-8080
-26824
-14086
1257
-31215
12275
6582
-15037
8962
-30028
-13612
16876
19958
-24191
32122
22550
5728
-23742
11860
-24477
-695
17213
5525
32295
-5848
28084
28091
19232
-30337
30432
18534
-3637
6102
-32514
2269
3547
1503
-606
-28297
-28102
-13063
-16317
-12151
-7538
23454
-12012
8922
-22174
-30808
1851
-31623
11211
16589
-22015
-4728
-9921
-15863
-9488
-16714
30475
27831
-12619
-19647
12406
28752
-12561
24380
-6550
-21738
10951
-4940
-2625
25104
-23380
3611
23058
-32051
-11430
10747
-24296
7205
-15406
12515
-31588
-18334
-29023
9963
-15726
11707
-9266
-9425
3248
-17530
-21413
17016
26905
-31807
27703
-4452
-14684
-594
7790
10047
-10607
4958
-17746
-14422
6413
24052
-23791
16924
-6708
29958
2263
-17831
-32679
-21100
-10909
4654
31597
-26979
2139
8081
19792
-18697
-813
30929
-351
20194
23988
-13971
-15980
-26966
-4756
-2466
