-32525
-32270
-31998
-31928
-30974
-30833
-30771
-29972
-28520
-28476
-28433
-28297
-28070
-27756
-27593
-27432
-26869
-25996
-25760
-25734
-25627
-25547
-25484
-24596
-24355
-23757
-23195
-23152
-22758
-22466
-21624
-20649
-20450
-20416
-20142
-20053
-20024
-19558
-18060
-17437
-17189
-16423
-14688
-14474
-14181
-13261
-13031
-12550
-12529
-12423
-10712
-10555
-10466
-9905
-9789
-9512
-8360
-7627
-5699
-4414
-4144
-3487
-2668
-2625
-2161
-2154
-2125
-1924
142
1416
1926
2510
3625
3753
4099
4667
4757
4886
5109
7391
7900
8116
8177
8260
8313
8480
10285
10585
10808
11701
12263
12949
13694
13985
14018
14962
16105
16282
16549
17086
18087
18651
20159
20222
20315
20326
20671
20945
21659
21694
22593
22646
24389
25824
25874
26302
26439
27982
28022
28464
28692
29170
29510
30227
30932
31286
31329
31426
