29873
23941
-31762
-27531
12268
5602
-24307
-1012
26630
26809
23556
21293
29152
25345
248
-13712
-30114
-7958
29704
-1052
-7479
26423
10866
-32498
21196
26633
12022
18392
-3925
-29458
30807
27830
14600
20799
20448
540
-4575
9567
18397
19897
13851
24230
-16925
229
10940
15147
1655
-792
-31754
23146
26946
19569
27663
-24515
-475
-20528
12570
-9464
-28962
-30524
-17469
31923
14333
-10910
-16336
-1278
-7636
28164
-19949
-2505
-10004
-2623
9970
30568
-7085
18373
8194
23826
7572
-14640
18819
-32611
-20289
-5565
-7585
31450
-2609
9166
-16074
-30300
-9573
-13161
17968
26031
19426
10422
8779
23552
25391
-5764
1364
28255
474
26821
25547
-9789
-30195
7950
-754
-1012
23439
5912
5967
4415
17223
-26434
29486
-958
-26806
18700
-17692
-28532
30974
-5021
-26222
-2376
-26948
-17982
14776
31111
23856
8925
6486
-15969
-7534
-22668
21991
7783
7727
15871
-17612
-11027
5545
7185
24237
-21313
-8850
2111
28149
1454
-681
-20267
-19793
25472
22830
-28442
-13877
702
1381
8823
-8023
-16595
-2327
31310
11058
9487
32528
-2258
-9860
-21286
8610
7128
5841
3503
-24865
1881
-22750
18598
2661
-32756
-20278
-19435
-32075
1386
-8360
26048
29492
-23840
1735
11599
-21892
7328
11369
21794
9252
-17432
-7208
3497
-27649
-26841
-16100
30648
-19851
28633
-27200
9990
-4919
22578
-32544
13487
-22525
-5538
6193
25011
15834
31497
-18529
18805
-13392
13549
26979
-9277
-20193
21497
31276
6582
11159
26489
-3449
9072
27008
-10208
-18503
32607
12074
12611
-28761
12890
-16683
19932
2741
6813
10396
20615
2599
4680
27032
-32584
3517
8670
-18882
-3523
12105
-17095
9916
10178
-25058
-12750
-23729
-2995
24676
-20899
15565
-13608
11243
-7514
5055
-5973
6748
-10986
16446
-26517
-29916
15791
-22912
30693
-9815
-26857
26052
8551
-31226
16955
-8394
16097
-27065
-9261
21078
14140
-31947
-170
-13489
6149
-13865
17282
-27432
16367
4882
17641
-2187
-6479
-6538
-19447
9646
25759
-30422
8486
-2028
4860
-11777
12503
-22431
12455
-22106
15821
26281
-24455
-27124
9135
1774
-24998
9253
10635
-28888
-13232
-28680
25678
14801
-14199
-26363
10573
-23245
-28274
24353
-4287
-18110
-17465
2529
-2112
4381
-26890
-8805
30032
-9320
-15431
11293
26578
2206
-18166
16697
23694
-14788
-17984
-28978
-4015
3684
17906
12097
24390
-11785
19199
20710
-15813
-6085
3580
-7267
-13444
14507
17827
26431
30271
4693
-337
-17604
-406
29022
-5000
17537
21388
-13289
-3181
-16584
-10761
-8217
-17482
-15665
-22104
19095
-30221
21781
8106
3343
-27080
14868
-13713
3251
12079
17040
-12933
-20663
-26653
2095
-11874
26835
8976
-5725
-24808
-9156
17832
-10440
-21562
-21962
1836
-31202
10080
12076
31493
8546
24773
-8880
-11072
707
-20666
-23588
-17168
-19396
-1009
18136
-18762
-742
-17922
9248
27368
-9714
13290
-12759
-21895
-22640
-24199
-24791
-8681
8753
-32029
-7042
-20083
15814
12244
-7229
18864
-30470
-21047
21487
3276
-6540
-23990
24710
-17945
-28470
-23589
-4978
-5006
20135
-27196
-2088
-19779
-14790
18965
-19105
-24567
-3134
-1457
3545
-14218
14844
8563
29264
-14723
7604
-24227
-23692
-20363
-22363
-3565
-23445
495
-15022
29151
-8055
-8738
-19882
12654
32707
-1338
22290
-23154
4623
-20078
31981
29733
-20594
18846
-29445
-8616
20489
21963
-14697
-21630
1908
-24474
27372
-3855
9561
27606
