32707
32607
32528
31981
31923
31497
31493
31450
31310
31276
31111
30974
30807
30693
30648
30568
30271
30032
29873
29733
29704
29492
29486
29264
29152
29151
29022
28633
28255
28164
28149
27830
27663
27606
27372
27368
27032
27008
26979
26946
26835
26821
26809
26633
26630
26578
26489
26431
26423
26281
26052
26048
26031
25759
25678
25547
25472
25391
25345
25011
24773
24710
24676
24390
24353
24237
24230
23941
23856
23826
23694
23556
23552
23439
23146
22830
22578
22290
21991
21963
21794
21781
21497
21487
21388
21293
21196
21078
20799
20710
20615
20489
20448
20135
19932
19897
19569
19426
19199
19095
18965
18864
18846
18819
18805
18700
18598
18397
18392
18373
18136
17968
17906
17832
17827
17641
17537
17282
17223
17040
16955
16697
16446
16367
16097
15871
15834
15821
15814
15791
15565
15147
14868
14844
14801
14776
14600
14507
14333
14140
13851
13549
13487
13290
12890
12654
12611
12570
12503
12455
12268
12244
12105
12097
12079
12076
12074
12022
11599
11369
11293
11243
11159
11058
10940
10866
10635
10573
10422
10396
10178
10080
9990
9970
9916
9646
9567
9561
9487
9253
9252
9248
9166
9135
9072
8976
8925
8823
8779
8753
8670
8610
8563
8551
8546
8486
8194
8106
7950
7783
7727
7604
7572
7328
7185
7128
6813
6748
6582
6486
6193
6149
5967
5912
5841
5602
5545
5055
4882
4860
4693
4680
4623
4415
4381
3684
3580
3545
3517
3503
3497
3343
3276
3251
2741
2661
2599
2529
2206
2111
2095
1908
1881
1836
1774
1735
1655
1454
1386
1381
1364
707
702
540
495
474
248
229
-170
-337
-406
-475
-681
-742
-754
-792
-958
-1009
-1012
-1012
-1052
-1278
-1338
-1457
-2028
-2088
-2112
-2187
-2258
-2327
-2376
-2505
-2609
-2623
-2995
-3134
-3181
-3449
-3523
-3565
-3855
-3925
-4015
-4287
-4575
-4919
-4978
-5000
-5006
-5021
-5538
-5565
-5725
-5764
-5973
-6085
-6479
-6538
-6540
-7042
-7085
-7208
-7229
-7267
-7479
-7514
-7534
-7585
-7636
-7958
-8023
-8055
-8217
-8360
-8394
-8616
-8681
-8738
-8805
-8850
-8880
-9156
-9261
-9277
-9320
-9464
-9573
-9714
-9789
-9815
-9860
-10004
-10208
-10440
-10761
-10910
-10986
-11027
-11072
-11777
-11785
-11874
-12750
-12759
-12933
-13161
-13232
-13289
-13392
-13444
-13489
-13608
-13712
-13713
-13865
-13877
-14199
-14218
-14640
-14697
-14723
-14788
-14790
-15022
-15431
-15665
-15813
-15969
-16074
-16100
-16336
-16584
-16595
-16683
-16925
-17095
-17168
-17432
-17465
-17469
-17482
-17604
-17612
-17692
-17922
-17945
-17982
-17984
-18110
-18166
-18503
-18529
-18762
-18882
-19105
-19396
-19435
-19447
-19779
-19793
-19851
-19882
-19949
-20078
-20083
-20193
-20267
-20278
-20289
-20363
-20528
-20594
-20663
-20666
-20899
-21047
-21286
-21313
-21562
-21630
-21892
-21895
-21962
-22104
-22106
-22363
-22431
-22525
-22640
-22668
-22750
-22912
-23154
-23245
-23445
-23588
-23589
-23692
-23729
-23840
-23990
-24199
-24227
-24307
-24455
-24474
-24515
-24567
-24791
-24808
-24865
-24998
-25058
-26222
-26363
-26434
-26517
-26653
-26806
-26841
-26857
-26890
-26948
-27065
-27080
-27124
-27196
-27200
-27432
-27531
-27649
-28274
-28442
-28470
-28532
-28680
-28761
-28888
-28962
-28978
-29445
-29458
-29916
-30114
-30195
-30221
-30300
-30422
-30470
-30524
-31202
-31226
-31754
-31762
-31947
-32029
-32075
-32498
-32544
-32584
-32611
-32756
