-32756
-32611
-32584
-32544
-32498
-32075
-32029
-31947
-31762
-31754
-31226
-31202
-30524
-30470
-30422
-30300
-30221
-30195
-30114
-29916
-29458
-29445
-28978
-28962
-28888
-28761
-28680
-28532
-28470
-28442
-28274
-27649
-27531
-27432
-27200
-27196
-27124
-27080
-27065
-26948
-26890
-26857
-26841
-26806
-26653
-26517
-26434
-26363
-26222
-25058
-24998
-24865
-24808
-24791
-24567
-24515
-24474
-24455
-24307
-24227
-24199
-23990
-23840
-23729
-23692
-23589
-23588
-23445
-23245
-23154
-22912
-22750
-22668
-22640
-22525
-22431
-22363
-22106
-22104
-21962
-21895
-21892
-21630
-21562
-21313
-21286
-21047
-20899
-20666
-20663
-20594
-20528
-20363
-20289
-20278
-20267
-20193
-20083
-20078
-19949
-19882
-19851
-19793
-19779
-19447
-19435
-19396
-19105
-18882
-18762
-18529
-18503
-18166
-18110
-17984
-17982
-17945
-17922
-17692
-17612
-17604
-17482
-17469
-17465
-17432
-17168
-17095
-16925
-16683
-16595
-16584
-16336
-16100
-16074
-15969
-15813
-15665
-15431
-15022
-14790
-14788
-14723
-14697
-14640
-14218
-14199
-13877
-13865
-13713
-13712
-13608
-13489
-13444
-13392
-13289
-13232
-13161
-12933
-12759
-12750
-11874
-11785
-11777
-11072
-11027
-10986
-10910
-10761
-10440
-10208
-10004
-9860
-9815
-9789
-9714
-9573
-9464
-9320
-9277
-9261
-9156
-8880
-8850
-8805
-8738
-8681
-8616
-8394
-8360
-8217
-8055
-8023
-7958
-7636
-7585
-7534
-7514
-7479
-7267
-7229
-7208
-7085
-7042
-6540
-6538
-6479
-6085
-5973
-5764
-5725
-5565
-5538
-5021
-5006
-5000
-4978
-4919
-4575
-4287
-4015
-3925
-3855
-3565
-3523
-3449
-3181
-3134
-2995
-2623
-2609
-2505
-2376
-2327
-2258
-2187
-2112
-2088
-2028
-1457
-1338
-1278
-1052
-1012
-1012
-1009
-958
-792
-754
-742
-681
-475
-406
-337
-170
229
248
474
495
540
702
707
1364
1381
1386
1454
1655
1735
1774
1836
1881
1908
2095
2111
2206
2529
2599
2661
2741
3251
3276
3343
3497
3503
3517
3545
3580
3684
4381
4415
4623
4680
4693
4860
4882
5055
5545
5602
5841
5912
5967
6149
6193
6486
6582
6748
6813
7128
7185
7328
7572
7604
7727
7783
7950
8106
8194
8486
8546
8551
8563
8610
8670
8753
8779
8823
8925
8976
9072
9135
9166
9248
9252
9253
9487
9561
9567
9646
9916
9970
9990
10080
10178
10396
10422
10573
10635
10866
10940
11058
11159
11243
11293
11369
11599
12022
12074
12076
12079
12097
12105
12244
12268
12455
12503
12570
12611
12654
12890
13290
13487
13549
13851
14140
14333
14507
14600
14776
14801
14844
14868
15147
15565
15791
15814
15821
15834
15871
16097
16367
16446
16697
16955
17040
17223
17282
17537
17641
17827
17832
17906
17968
18136
18373
18392
18397
18598
18700
18805
18819
18846
18864
18965
19095
19199
19426
19569
19897
19932
20135
20448
20489
20615
20710
20799
21078
21196
21293
21388
21487
21497
21781
21794
21963
21991
22290
22578
22830
23146
23439
23552
23556
23694
23826
23856
23941
24230
24237
24353
24390
24676
24710
24773
25011
25345
25391
25472
25547
25678
25759
26031
26048
26052
26281
26423
26431
26489
26578
26630
26633
26809
26821
26835
26946
26979
27008
27032
27368
27372
27606
27663
27830
28149
28164
28255
28633
29022
29151
29152
29264
29486
29492
29704
29733
29873
30032
30271
30568
30648
30693
30807
30974
31111
31276
31310
31450
31493
31497
31923
31981
32528
32607
32707
