31426
31329
31286
30932
30227
29510
29170
28692
28464
28022
27982
26439
26302
25874
25824
24389
22646
22593
21694
21659
20945
20671
20326
20315
20222
20159
18651
18087
17086
16549
16282
16105
14962
14018
13985
13694
12949
12263
11701
10808
10585
10285
8480
8313
8260
8177
8116
7900
7391
5109
4886
4757
4667
4099
3753
3625
2510
1926
1416
142
-1924
-2125
-2154
-2161
-2625
-2668
-3487
-4144
-4414
-5699
-7627
-8360
-9512
-9789
-9905
-10466
-10555
-10712
-12423
-12529
-12550
-13031
-13261
-14181
-14474
-14688
-16423
-17189
-17437
-18060
-19558
-20024
-20053
-20142
-20416
-20450
-20649
-21624
-22466
-22758
-23152
-23195
-23757
-24355
-24596
-25484
-25547
-25627
-25734
-25760
-25996
-26869
-27432
-27593
-27756
-28070
-28297
-28433
-28476
-28520
-29972
-30771
-30833
-30974
-31928
-31998
-32270
-32525
