32762
32749
32739
32720
32678
32663
32642
32632
32610
32586
32579
32570
32569
32565
32533
32525
32523
32502
32493
32482
32474
32453
32429
32428
32420
32418
32367
32351
32306
32304
32301
32277
32232
32199
32197
32147
32140
32138
32112
32108
32077
32031
32030
32016
31974
31971
31942
31935
31934
31933
31926
31918
31918
31902
31899
31894
31857
31809
31778
31774
31756
31728
31696
31696
31695
31689
31686
31686
31646
31642
31641
31620
31613
31604
31596
31593
31592
31553
31529
31507
31483
31467
31450
31430
31427
31423
31417
31416
31410
31410
31371
31369
31361
31313
31306
31282
31265
31261
31219
31168
31153
31137
31134
31118
31114
31051
31049
31042
31041
31018
30982
30979
30961
30959
30953
30939
30921
30895
30858
30856
30838
30833
30819
30807
30804
30748
30729
30718
30716
30702
30666
30649
30647
30624
30608
30588
30586
30585
30582
30578
30578
30572
30567
30556
30534
30533
30520
30476
30476
30451
30441
30439
30403
30393
30388
30354
30346
30299
30293
30259
30258
30257
30236
30231
30215
30203
30196
30189
30175
30158
30151
30148
30119
30090
30088
30086
30082
30073
30060
30047
30000
29995
29994
29984
29953
29948
29934
29920
29852
29848
29813
29781
29755
29754
29753
29746
29739
29727
29712
29690
29678
29662
29649
29646
29624
29624
29610
29555
29551
29547
29538
29499
29467
29465
29461
29460
29424
29413
29411
29407
29390
29382
29357
29350
29333
29323
29317
29308
29277
29272
29184
29160
29157
29110
29103
29073
29062
29042
29017
29007
29007
29003
28982
28965
28963
28957
28946
28941
28890
28835
28830
28826
28786
28782
28781
28759
28736
28732
28706
28698
28685
28684
28651
28646
28630
28607
28584
28531
28505
28500
28498
28493
28484
28458
28455
28454
28448
28446
28419
28415
28411
28410
28407
28385
28368
28361
28359
28307
28282
28222
28220
28219
28217
28212
28196
28192
28189
28161
28146
28141
28136
28127
28101
28091
28073
28069
28019
27993
27986
27982
27980
27959
27948
27943
27935
27932
27931
27888
27883
27871
27871
27863
27841
27829
27799
27763
27730
27718
27639
27633
27626
27626
27625
27619
27606
27602
27583
27559
27557
27531
27516
27491
27449
27438
27415
27414
27401
27357
27340
27327
27322
27292
27277
27255
27252
27236
27224
27187
27170
27137
27132
27127
27101
27094
27050
27049
27046
27036
26974
26935
26929
26913
26899
26887
26837
26826
26784
26761
26748
26724
26710
26705
26698
26697
26692
26692
26681
26667
26617
26613
26598
26590
26561
26559
26559
26545
26531
26530
26529
26519
26504
26477
26476
26476
26460
26452
26437
26403
26388
26384
26383
26362
26358
26297
26288
26275
26269
26263
26257
26226
26218
26215
26208
26140
26140
26135
26130
26126
26100
26088
26079
26071
26044
26035
26033
26008
25981
25945
25922
25899
25889
25883
25865
25847
25809
25804
25756
25751
25734
25719
25714
25689
25687
25669
25668
25652
25651
25643
25636
25625
25597
25582
25576
25546
25541
25535
25515
25481
25452
25442
25441
25408
25395
25390
25383
25380
25363
25361
25270
25215
25212
25159
25156
25126
25115
25110
25105
25100
25070
25069
25067
25065
25049
25044
25038
25032
25008
24985
24985
24972
24966
24966
24961
24957
24951
24912
24903
24868
24865
24853
24837
24805
24787
24777
24754
24729
24724
24716
24707
24703
24668
24654
24636
24621
24612
24611
24593
24587
24555
24455
24448
24435
24416
24412
24383
24383
24366
24363
24335
24330
24322
24281
24259
24255
24242
24207
24196
24058
24057
24009
23973
23965
23928
23926
23911
23906
23880
23875
23848
23820
23803
23788
23776
23760
23746
23722
23712
23670
23668
23662
23662
23658
23643
23629
23615
23615
23614
23590
23565
23562
23513
23498
23486
23479
23474
23443
23438
23414
23378
23357
23346
23345
23324
23303
23301
23296
23295
23288
23286
23283
23274
23266
23259
23200
23166
23131
23063
23047
23037
23035
23022
23016
22961
22953
22947
22919
22901
22894
22877
22869
22857
22842
22831
22831
22789
22773
22726
22713
22711
22710
22704
22703
22693
22686
22677
22655
22640
22634
22623
22601
22596
22580
22571
22530
22522
22497
22496
22490
22463
22454
22341
22336
22329
22327
22299
22266
22258
22223
22215
22212
22165
22149
22137
22118
22091
22070
22070
22050
22033
22022
22004
21987
21986
21985
21984
21967
21959
21935
21929
21924
21916
21891
21870
21866
21866
21857
21827
21774
21767
21766
21763
21749
21747
21745
21728
21724
21704
21699
21695
21654
21650
21642
21625
21618
21598
21598
21588
21565
21563
21556
21556
21501
21485
21466
21455
21454
21450
21446
21442
21436
21428
21417
21415
21414
21379
21357
21349
21345
21329
21317
21311
21301
21298
21290
21271
21270
21270
21260
21256
21252
21241
21204
21183
21110
21104
21091
21089
21058
21049
21045
21039
21010
21006
21003
20998
20944
20934
20925
20921
20919
20917
20904
20883
20873
20847
20840
20831
20825
20823
20795
20760
20759
20730
20714
20702
20691
20657
20656
20617
20616
20610
20604
20600
20593
20584
20575
20573
20566
20565
20543
20535
20479
20463
20456
20454
20435
20431
20427
20425
20420
20411
20401
20367
20359
20333
20325
20321
20282
20275
20251
20219
20184
20180
20176
20165
20164
20161
20145
20137
20128
20117
20091
20090
20089
20041
20038
20037
20031
20017
20010
20002
19989
19981
19978
19974
19972
19959
19957
19938
19910
19882
19851
19826
19805
19790
19786
19738
19732
19725
19713
19711
19704
19700
19661
19652
19647
19640
19629
19624
19622
19602
19595
19587
19490
19480
19479
19473
19455
19444
19414
19413
19387
19380
19275
19245
19240
19228
19224
19217
19199
19196
19168
19158
19096
19093
19078
19077
19023
18983
18972
18972
18918
18904
18887
18886
18886
18880
18839
18835
18827
18823
18796
18771
18761
18747
18710
18706
18677
18664
18655
18653
18627
18500
18493
18481
18475
18469
18466
18460
18443
18442
18424
18424
18419
18390
18385
18345
18328
18323
18321
18321
18316
18312
18300
18295
18284
18255
18249
18232
18219
18199
18199
18197
18172
18170
18158
18147
18138
18126
18108
18101
18079
18076
18064
18042
18040
18034
18025
18015
18000
17999
17950
17945
17925
17925
17915
17911
17910
17908
17886
17867
17856
17852
17849
17818
17809
17806
17804
17803
17802
17801
17782
17774
17751
17691
17682
17679
17668
17662
17659
17629
17629
17621
17616
17603
17591
17567
17560
17500
17500
17493
17491
17460
17441
17410
17401
17346
17318
17310
17283
17274
17255
17230
17218
17192
17181
17173
17162
17156
17120
17103
17077
17028
17027
17019
17010
16981
16979
16935
16934
16914
16913
16884
16882
16874
16872
16851
16845
16834
16800
16782
16766
16764
16760
16757
16739
16736
16724
16712
16709
16703
16678
16620
16614
16613
16604
16588
16577
16569
16564
16519
16448
16431
16405
16373
16354
16303
16281
16279
16272
16255
16234
16234
16227
16221
16218
16191
16186
16182
16174
16150
16135
16097
16093
16089
16061
16057
16056
16048
16039
16031
16028
16025
16024
16000
15999
15995
15991
15962
15928
15925
15896
15872
15869
15866
15865
15837
15825
15818
15816
15812
15772
15754
15752
15744
15717
15707
15690
15688
15681
15628
15626
15622
15583
15505
15497
15480
15468
15458
15429
15423
15420
15406
15371
15357
15315
15311
15307
15281
15268
15266
15225
15225
15201
15199
15183
15179
15174
15130
15124
15117
15104
15094
15073
15013
15008
15002
14993
14992
14978
14972
14969
14957
14956
14942
14923
14901
14799
14787
14781
14776
14731
14720
14718
14677
14677
14661
14640
14619
14565
14560
14541
14512
14506
14502
14499
14484
14460
14423
14417
14385
14384
14368
14349
14347
14336
14290
14278
14268
14265
14265
14261
14248
14229
14222
14195
14188
14161
14126
14115
14106
14099
14077
14061
14040
14020
14019
13964
13940
13925
13920
13918
13914
13888
13883
13866
13861
13861
13855
13793
13774
13727
13704
13696
13675
13671
13663
13652
13643
13626
13599
13588
13577
13576
13546
13521
13496
13484
13463
13441
13440
13426
13425
13417
13365
13359
13347
13318
13316
13293
13287
13285
13281
13279
13273
13213
13202
13198
13196
13179
13144
13117
13112
13102
13101
13095
13064
13062
13048
13041
13028
13017
12979
12975
12943
12896
12896
12892
12891
12879
12862
12847
12835
12833
12823
12807
12788
12771
12752
12751
12747
12747
12746
12728
12726
12717
12716
12707
12675
12664
12656
12619
12613
12610
12564
12561
12559
12543
12537
12529
12526
12525
12514
12483
12455
12444
12432
12429
12425
12398
12395
12394
12389
12384
12350
12349
12334
12333
12320
12310
12306
12298
12281
12253
12250
12250
12248
12241
12225
12219
12197
12190
12184
12166
12158
12154
12153
12095
12068
12065
12051
12042
12036
12032
11998
11975
11902
11881
11852
11788
11785
11762
11752
11747
11746
11738
11723
11719
11687
11657
11618
11575
11558
11558
11550
11541
11523
11507
11506
11499
11495
11485
11482
11478
11456
11444
11435
11431
11400
11387
11385
11381
11362
11358
11351
11348
11274
11258
11251
11210
11209
11207
11191
11183
11145
11121
11108
11073
11061
11043
11033
11021
11002
10982
10977
10900
10883
10883
10853
10828
10813
10812
10808
10805
10802
10801
10789
10782
10756
10755
10751
10742
10708
10697
10605
10597
10580
10560
10474
10467
10440
10439
10394
10333
10301
10298
10287
10276
10274
10258
10240
10220
10215
10188
10160
10131
10098
10094
10093
10090
10068
10050
10038
10018
10001
9976
9969
9963
9961
9951
9942
9929
9847
9806
9792
9772
9760
9747
9742
9727
9704
9703
9699
9665
9648
9599
9556
9549
9545
9514
9479
9478
9428
9420
9370
9359
9354
9341
9339
9329
9316
9269
9265
9247
9172
9170
9164
9157
9123
9095
9072
9047
9012
8993
8954
8938
8890
8860
8848
8839
8828
8822
8765
8756
8753
8692
8685
8670
8657
8653
8641
8597
8534
8532
8532
8528
8516
8511
8500
8490
8484
8481
8445
8434
8428
8402
8394
8378
8360
8359
8343
8343
8298
8294
8293
8231
8206
8197
8189
8182
8148
8141
8124
8117
8113
8113
8113
8106
8103
8086
8082
8067
8064
8056
8018
8012
8012
8009
7997
7995
7994
7985
7983
7977
7973
7971
7942
7936
7929
7892
7862
7807
7802
7785
7782
7775
7773
7770
7752
7741
7739
7734
7726
7720
7718
7717
7701
7693
7639
7639
7633
7619
7596
7589
7572
7524
7507
7504
7483
7477
7467
7464
7456
7443
7419
7413
7403
7354
7336
7334
7298
7277
7273
7268
7254
7244
7240
7233
7223
7207
7194
7165
7152
7147
7115
7077
7071
7061
7054
7015
7008
7001
6990
6968
6944
6929
6916
6914
6905
6856
6853
6849
6847
6831
6812
6794
6777
6762
6737
6733
6730
6719
6717
6703
6700
6698
6694
6693
6689
6645
6631
6582
6460
6433
6411
6405
6396
6392
6391
6363
6342
6316
6294
6288
6275
6271
6266
6258
6243
6223
6221
6210
6190
6173
6164
6140
6128
6127
6116
6091
6013
5996
5985
5984
5965
5932
5912
5879
5845
5793
5793
5783
5776
5775
5771
5762
5745
5721
5713
5692
5692
5682
5680
5677
5659
5556
5542
5521
5512
5501
5466
5393
5392
5345
5315
5312
5251
5235
5218
5206
5187
5169
5154
5144
5140
5094
5071
5058
5051
5050
5035
5034
5021
5004
4991
4986
4959
4948
4946
4850
4836
4811
4800
4779
4772
4761
4751
4749
4741
4730
4728
4716
4703
4698
4671
4668
4662
4609
4606
4605
4577
4568
4564
4562
4473
4463
4423
4391
4390
4359
4335
4237
4198
4149
4149
4116
4056
4046
4037
4028
4012
4000
3995
3986
3971
3968
3959
3939
3925
3916
3913
3905
3899
3893
3893
3886
3881
3868
3856
3817
3789
3781
3771
3765
3764
3764
3744
3719
3678
3674
3635
3616
3572
3561
3561
3559
3526
3524
3521
3514
3461
3461
3458
3428
3420
3398
3388
3375
3356
3334
3322
3309
3285
3284
3282
3279
3265
3198
3173
3163
3162
3159
3144
3127
3123
3080
3077
3075
3036
3012
3004
2997
2987
2985
2980
2976
2944
2852
2839
2827
2797
2775
2763
2749
2739
2719
2710
2699
2664
2662
2660
2634
2625
2615
2609
2585
2552
2518
2515
2506
2483
2431
2398
2398
2398
2391
2337
2332
2305
2296
2278
2247
2228
2209
2192
2164
2160
2130
2099
2094
2088
2088
2074
2065
2059
2032
2029
2007
1979
1939
1916
1904
1882
1867
1863
1856
1827
1806
1802
1790
1789
1784
1754
1748
1746
1745
1741
1723
1716
1708
1706
1699
1694
1692
1684
1667
1662
1662
1651
1597
1587
1570
1546
1513
1513
1503
1468
1458
1452
1447
1432
1413
1405
1396
1396
1391
1390
1369
1359
1353
1326
1323
1311
1297
1274
1273
1255
1254
1245
1223
1164
1154
1096
1080
1080
1042
1030
995
969
954
948
944
938
930
916
863
861
811
790
776
771
767
763
760
751
749
735
703
703
703
698
692
686
672
660
647
635
627
610
602
567
551
531
529
509
506
499
468
462
434
431
418
416
407
398
384
383
371
303
294
271
217
216
213
212
205
167
149
141
77
42
25
23
-43
-57
-68
-72
-115
-141
-148
-154
-177
-179
-190
-212
-257
-260
-276
-301
-304
-326
-363
-366
-366
-371
-388
-397
-406
-415
-476
-480
-482
-508
-516
-549
-573
-605
-610
-625
-667
-690
-700
-705
-727
-739
-770
-776
-787
-789
-798
-800
-810
-824
-831
-839
-900
-941
-947
-952
-958
-993
-1006
-1046
-1062
-1067
-1101
-1104
-1118
-1124
-1143
-1166
-1171
-1183
-1185
-1209
-1228
-1286
-1290
-1341
-1386
-1397
-1399
-1403
-1404
-1405
-1410
-1410
-1425
-1439
-1443
-1444
-1445
-1483
-1491
-1500
-1503
-1556
-1562
-1589
-1606
-1622
-1638
-1643
-1654
-1683
-1709
-1722
-1789
-1789
-1797
-1819
-1823
-1842
-1845
-1861
-1915
-1924
-1943
-1951
-1951
-1961
-1993
-2002
-2012
-2030
-2034
-2045
-2056
-2064
-2075
-2078
-2098
-2105
-2181
-2219
-2250
-2263
-2267
-2281
-2289
-2305
-2307
-2344
-2377
-2380
-2393
-2420
-2433
-2453
-2469
-2474
-2478
-2483
-2524
-2526
-2526
-2541
-2603
-2619
-2643
-2660
-2666
-2673
-2687
-2690
-2715
-2728
-2752
-2762
-2764
-2775
-2776
-2777
-2778
-2784
-2794
-2807
-2838
-2933
-2973
-3000
-3004
-3020
-3047
-3055
-3069
-3076
-3078
-3085
-3097
-3106
-3106
-3134
-3154
-3164
-3203
-3217
-3238
-3241
-3266
-3320
-3347
-3354
-3425
-3465
-3469
-3479
-3501
-3520
-3523
-3546
-3555
-3577
-3644
-3666
-3690
-3723
-3749
-3751
-3771
-3772
-3795
-3843
-3847
-3848
-3854
-3864
-3871
-3903
-3908
-3915
-3929
-3950
-3982
-3993
-4001
-4004
-4028
-4044
-4061
-4080
-4111
-4117
-4121
-4123
-4140
-4154
-4172
-4199
-4199
-4200
-4221
-4251
-4255
-4255
-4257
-4282
-4285
-4302
-4306
-4322
-4322
-4361
-4372
-4397
-4402
-4410
-4436
-4439
-4441
-4447
-4447
-4485
-4497
-4500
-4508
-4509
-4511
-4519
-4530
-4533
-4537
-4539
-4544
-4550
-4568
-4569
-4592
-4642
-4643
-4660
-4670
-4677
-4685
-4693
-4694
-4704
-4705
-4709
-4734
-4735
-4750
-4761
-4795
-4804
-4806
-4810
-4813
-4819
-4864
-4922
-4949
-4952
-4955
-4980
-4981
-5031
-5035
-5058
-5096
-5101
-5102
-5119
-5124
-5138
-5180
-5191
-5246
-5249
-5256
-5262
-5278
-5306
-5340
-5343
-5343
-5356
-5403
-5418
-5423
-5456
-5462
-5465
-5519
-5521
-5530
-5549
-5561
-5580
-5580
-5591
-5621
-5645
-5663
-5672
-5699
-5701
-5740
-5741
-5764
-5765
-5772
-5794
-5817
-5820
-5853
-5883
-5955
-5959
-5979
-5996
-6002
-6025
-6033
-6093
-6102
-6122
-6150
-6152
-6184
-6184
-6197
-6212
-6219
-6221
-6231
-6255
-6257
-6278
-6300
-6303
-6339
-6347
-6361
-6368
-6372
-6387
-6423
-6474
-6475
-6492
-6509
-6556
-6562
-6564
-6598
-6607
-6619
-6629
-6692
-6695
-6696
-6698
-6741
-6744
-6746
-6767
-6767
-6769
-6797
-6813
-6824
-6828
-6838
-6864
-6881
-6899
-6900
-6916
-6963
-6969
-6975
-7026
-7029
-7085
-7129
-7152
-7166
-7179
-7189
-7196
-7211
-7221
-7229
-7270
-7295
-7315
-7326
-7342
-7346
-7376
-7417
-7440
-7462
-7471
-7475
-7478
-7487
-7491
-7540
-7544
-7561
-7571
-7573
-7588
-7604
-7658
-7659
-7666
-7675
-7681
-7691
-7693
-7694
-7724
-7809
-7809
-7810
-7820
-7834
-7840
-7855
-7877
-7883
-7884
-7887
-7893
-7912
-7918
-7933
-7964
-7976
-8089
-8191
-8192
-8201
-8210
-8258
-8287
-8292
-8307
-8342
-8374
-8380
-8386
-8418
-8468
-8476
-8488
-8513
-8544
-8548
-8550
-8552
-8581
-8592
-8594
-8621
-8650
-8667
-8672
-8722
-8734
-8740
-8751
-8752
-8773
-8778
-8785
-8787
-8795
-8799
-8800
-8807
-8819
-8853
-8854
-8889
-8895
-8933
-8933
-8944
-8957
-8984
-9004
-9009
-9029
-9062
-9070
-9085
-9107
-9122
-9143
-9143
-9164
-9166
-9188
-9195
-9195
-9196
-9227
-9230
-9241
-9246
-9247
-9275
-9297
-9312
-9319
-9345
-9347
-9359
-9361
-9370
-9378
-9384
-9387
-9398
-9410
-9431
-9434
-9496
-9499
-9501
-9502
-9507
-9526
-9561
-9563
-9564
-9573
-9592
-9605
-9609
-9624
-9639
-9660
-9667
-9687
-9690
-9691
-9711
-9721
-9740
-9773
-9783
-9815
-9822
-9836
-9845
-9856
-9867
-9869
-9930
-9938
-9940
-9970
-9971
-9974
-9977
-9979
-9981
-10039
-10090
-10115
-10127
-10161
-10163
-10180
-10197
-10203
-10219
-10233
-10264
-10282
-10291
-10300
-10322
-10330
-10348
-10365
-10371
-10371
-10379
-10388
-10394
-10397
-10446
-10447
-10449
-10456
-10460
-10463
-10476
-10477
-10531
-10558
-10573
-10601
-10625
-10632
-10633
-10648
-10674
-10687
-10717
-10719
-10736
-10746
-10770
-10779
-10781
-10792
-10795
-10819
-10848
-10855
-10856
-10860
-10878
-10879
-10925
-10959
-10967
-10971
-10994
-11021
-11049
-11052
-11062
-11088
-11101
-11107
-11142
-11154
-11160
-11187
-11227
-11266
-11303
-11337
-11343
-11347
-11363
-11382
-11463
-11486
-11489
-11508
-11552
-11559
-11564
-11573
-11575
-11585
-11612
-11619
-11633
-11639
-11653
-11684
-11694
-11696
-11718
-11743
-11802
-11810
-11821
-11822
-11831
-11858
-11872
-11886
-11891
-11901
-11905
-11925
-11940
-11955
-11978
-12004
-12005
-12027
-12039
-12048
-12054
-12059
-12069
-12178
-12238
-12245
-12249
-12270
-12359
-12372
-12385
-12470
-12483
-12499
-12528
-12543
-12592
-12593
-12615
-12651
-12653
-12712
-12744
-12763
-12806
-12809
-12822
-12832
-12848
-12855
-12869
-12903
-12912
-12919
-12926
-12926
-12941
-12947
-12948
-12951
-12959
-13024
-13034
-13048
-13056
-13057
-13077
-13095
-13109
-13131
-13138
-13140
-13168
-13182
-13188
-13197
-13211
-13260
-13270
-13288
-13321
-13331
-13342
-13399
-13407
-13426
-13429
-13460
-13471
-13479
-13497
-13503
-13530
-13532
-13555
-13555
-13570
-13580
-13589
-13589
-13600
-13604
-13619
-13627
-13635
-13670
-13674
-13686
-13696
-13700
-13705
-13707
-13719
-13741
-13770
-13777
-13784
-13805
-13828
-13833
-13845
-13862
-13876
-13882
-13886
-13891
-13903
-13911
-13930
-13948
-13964
-13988
-14039
-14050
-14068
-14072
-14096
-14108
-14137
-14140
-14145
-14221
-14270
-14283
-14294
-14302
-14321
-14322
-14337
-14361
-14365
-14370
-14377
-14394
-14398
-14399
-14426
-14430
-14452
-14455
-14456
-14456
-14481
-14510
-14522
-14550
-14616
-14628
-14635
-14658
-14672
-14720
-14733
-14758
-14777
-14781
-14789
-14797
-14802
-14817
-14828
-14855
-14858
-14871
-14878
-14890
-14890
-14904
-14931
-14951
-14958
-14966
-14972
-14979
-14980
-14987
-14990
-15022
-15023
-15026
-15031
-15031
-15053
-15060
-15094
-15117
-15130
-15152
-15155
-15156
-15207
-15209
-15226
-15229
-15232
-15249
-15250
-15252
-15303
-15304
-15355
-15385
-15390
-15399
-15408
-15420
-15426
-15440
-15469
-15471
-15474
-15479
-15492
-15495
-15505
-15506
-15516
-15536
-15580
-15585
-15605
-15629
-15665
-15684
-15693
-15709
-15717
-15721
-15723
-15727
-15767
-15768
-15778
-15780
-15794
-15797
-15804
-15807
-15815
-15822
-15868
-15870
-15901
-15901
-15907
-15907
-15932
-15937
-15939
-15965
-15993
-16006
-16016
-16031
-16031
-16049
-16070
-16100
-16109
-16116
-16123
-16139
-16139
-16188
-16206
-16224
-16229
-16233
-16262
-16281
-16286
-16368
-16378
-16460
-16461
-16462
-16491
-16497
-16502
-16513
-16518
-16545
-16585
-16590
-16590
-16603
-16664
-16717
-16791
-16800
-16834
-16876
-16878
-16916
-16921
-16981
-17008
-17013
-17032
-17049
-17049
-17088
-17110
-17140
-17141
-17148
-17156
-17162
-17184
-17191
-17210
-17222
-17235
-17235
-17252
-17255
-17314
-17318
-17322
-17334
-17338
-17347
-17403
-17419
-17470
-17479
-17481
-17496
-17499
-17540
-17554
-17555
-17570
-17571
-17575
-17576
-17629
-17646
-17657
-17664
-17689
-17705
-17710
-17716
-17742
-17760
-17763
-17781
-17786
-17803
-17804
-17829
-17836
-17840
-17872
-17890
-17896
-17905
-17938
-17940
-18001
-18025
-18035
-18065
-18086
-18093
-18098
-18132
-18152
-18166
-18178
-18189
-18201
-18204
-18209
-18221
-18254
-18284
-18300
-18345
-18352
-18359
-18362
-18365
-18371
-18380
-18425
-18455
-18462
-18464
-18468
-18482
-18557
-18571
-18574
-18590
-18595
-18596
-18655
-18674
-18711
-18725
-18740
-18745
-18756
-18760
-18763
-18769
-18771
-18779
-18781
-18787
-18803
-18809
-18811
-18822
-18834
-18835
-18848
-18863
-18882
-18886
-18897
-18938
-18942
-18952
-18954
-18955
-18976
-19018
-19040
-19056
-19058
-19065
-19084
-19127
-19197
-19220
-19228
-19242
-19251
-19274
-19287
-19288
-19295
-19328
-19338
-19352
-19353
-19372
-19427
-19428
-19434
-19460
-19496
-19499
-19529
-19530
-19539
-19556
-19563
-19598
-19601
-19603
-19606
-19612
-19615
-19633
-19685
-19685
-19691
-19697
-19707
-19712
-19717
-19725
-19736
-19751
-19753
-19763
-19797
-19827
-19832
-19835
-19869
-19881
-19891
-19905
-19907
-19910
-19913
-19922
-19924
-19946
-19954
-19969
-19999
-19999
-20014
-20022
-20022
-20023
-20027
-20031
-20042
-20103
-20116
-20133
-20172
-20173
-20177
-20178
-20192
-20202
-20212
-20227
-20255
-20259
-20278
-20297
-20317
-20319
-20339
-20340
-20343
-20367
-20368
-20371
-20377
-20380
-20414
-20434
-20440
-20441
-20452
-20460
-20461
-20487
-20510
-20513
-20528
-20549
-20609
-20610
-20618
-20631
-20642
-20646
-20649
-20671
-20673
-20676
-20676
-20681
-20714
-20725
-20737
-20770
-20805
-20826
-20848
-20851
-20895
-20953
-20959
-20967
-20980
-20985
-20994
-20997
-21003
-21011
-21014
-21020
-21020
-21023
-21052
-21115
-21123
-21132
-21133
-21155
-21161
-21163
-21164
-21173
-21175
-21202
-21248
-21256
-21273
-21288
-21289
-21299
-21315
-21367
-21370
-21374
-21378
-21389
-21394
-21397
-21425
-21434
-21439
-21448
-21481
-21486
-21496
-21517
-21540
-21540
-21545
-21557
-21587
-21591
-21615
-21625
-21650
-21680
-21708
-21709
-21720
-21721
-21756
-21770
-21780
-21792
-21821
-21828
-21836
-21848
-21851
-21859
-21870
-21887
-21890
-21913
-21922
-21948
-21960
-21964
-22012
-22029
-22061
-22073
-22075
-22086
-22090
-22106
-22139
-22153
-22158
-22177
-22212
-22219
-22222
-22264
-22291
-22292
-22302
-22313
-22313
-22318
-22330
-22341
-22356
-22360
-22372
-22376
-22383
-22384
-22385
-22385
-22407
-22418
-22438
-22449
-22452
-22461
-22475
-22494
-22495
-22562
-22604
-22629
-22629
-22683
-22686
-22712
-22723
-22734
-22754
-22767
-22771
-22815
-22826
-22842
-22860
-22869
-22881
-22889
-22935
-22939
-22942
-22952
-22966
-22981
-23005
-23017
-23030
-23034
-23038
-23071
-23095
-23100
-23150
-23159
-23203
-23205
-23206
-23273
-23329
-23336
-23346
-23376
-23494
-23500
-23503
-23503
-23547
-23578
-23599
-23630
-23633
-23638
-23655
-23666
-23687
-23704
-23714
-23714
-23730
-23731
-23740
-23761
-23779
-23784
-23792
-23794
-23829
-23836
-23842
-23842
-23857
-23883
-23900
-23901
-23923
-23942
-23948
-23983
-23990
-23997
-24008
-24025
-24025
-24027
-24103
-24126
-24140
-24163
-24171
-24177
-24193
-24207
-24232
-24248
-24252
-24258
-24263
-24385
-24407
-24442
-24452
-24456
-24461
-24468
-24494
-24504
-24515
-24522
-24523
-24534
-24546
-24570
-24588
-24602
-24608
-24623
-24629
-24636
-24655
-24715
-24768
-24770
-24792
-24813
-24859
-24863
-24882
-24886
-24939
-24946
-24947
-25024
-25024
-25057
-25065
-25086
-25091
-25102
-25162
-25168
-25198
-25205
-25210
-25216
-25227
-25239
-25248
-25270
-25303
-25365
-25389
-25402
-25453
-25472
-25491
-25521
-25538
-25544
-25581
-25628
-25632
-25656
-25676
-25810
-25814
-25817
-25827
-25847
-25867
-25868
-25883
-25910
-25949
-25955
-25960
-25968
-25972
-25976
-25978
-25988
-25993
-25994
-25995
-25995
-26026
-26066
-26068
-26077
-26096
-26102
-26160
-26169
-26200
-26207
-26228
-26236
-26246
-26258
-26289
-26289
-26318
-26390
-26435
-26448
-26470
-26471
-26497
-26549
-26581
-26589
-26633
-26660
-26663
-26666
-26671
-26673
-26691
-26714
-26742
-26754
-26756
-26782
-26799
-26809
-26830
-26842
-26860
-26861
-26861
-26865
-26890
-26901
-26912
-26913
-26919
-26927
-26930
-26943
-26955
-26971
-26974
-26997
-27000
-27021
-27035
-27037
-27041
-27071
-27103
-27109
-27123
-27129
-27148
-27154
-27184
-27201
-27217
-27236
-27241
-27248
-27311
-27323
-27325
-27330
-27335
-27347
-27387
-27397
-27430
-27459
-27468
-27473
-27493
-27529
-27559
-27570
-27579
-27598
-27602
-27604
-27645
-27680
-27683
-27706
-27707
-27708
-27711
-27725
-27731
-27743
-27781
-27796
-27807
-27819
-27823
-27840
-27853
-27866
-27873
-27873
-27876
-27917
-27921
-27930
-27934
-27975
-27981
-28019
-28022
-28052
-28056
-28061
-28098
-28116
-28124
-28149
-28182
-28184
-28187
-28193
-28194
-28198
-28211
-28218
-28241
-28264
-28298
-28301
-28306
-28313
-28316
-28359
-28396
-28401
-28443
-28456
-28478
-28488
-28523
-28537
-28540
-28540
-28545
-28548
-28552
-28568
-28587
-28590
-28591
-28595
-28596
-28599
-28601
-28621
-28647
-28660
-28664
-28668
-28679
-28683
-28736
-28751
-28770
-28796
-28827
-28832
-28873
-28875
-28877
-28900
-28910
-28914
-28924
-28925
-28928
-28953
-28978
-29003
-29028
-29055
-29081
-29087
-29116
-29122
-29125
-29144
-29171
-29206
-29221
-29246
-29260
-29286
-29291
-29311
-29328
-29338
-29353
-29409
-29415
-29416
-29436
-29441
-29442
-29485
-29498
-29532
-29546
-29565
-29566
-29570
-29621
-29635
-29641
-29654
-29670
-29707
-29721
-29738
-29740
-29772
-29807
-29814
-29817
-29830
-29881
-29899
-29915
-29957
-29967
-30012
-30033
-30047
-30053
-30088
-30095
-30127
-30193
-30195
-30209
-30220
-30231
-30316
-30336
-30378
-30405
-30406
-30420
-30425
-30465
-30486
-30486
-30487
-30498
-30506
-30524
-30524
-30537
-30548
-30555
-30580
-30589
-30628
-30645
-30649
-30665
-30668
-30683
-30725
-30729
-30749
-30750
-30753
-30789
-30800
-30813
-30826
-30849
-30857
-30869
-30870
-30875
-30876
-30880
-30881
-30883
-30906
-30908
-30939
-30962
-30990
-30990
-30997
-31010
-31014
-31040
-31074
-31092
-31094
-31110
-31112
-31121
-31144
-31145
-31174
-31175
-31221
-31227
-31230
-31252
-31267
-31295
-31308
-31323
-31331
-31356
-31378
-31406
-31450
-31465
-31466
-31491
-31493
-31497
-31500
-31503
-31516
-31523
-31527
-31528
-31545
-31569
-31600
-31619
-31634
-31673
-31703
-31716
-31740
-31786
-31863
-31863
-31898
-31953
-32011
-32012
-32035
-32037
-32096
-32120
-32136
-32172
-32173
-32181
-32232
-32253
-32279
-32280
-32295
-32317
-32321
-32323
-32340
-32341
-32362
-32380
-32382
-32407
-32480
-32480
-32492
-32518
-32535
-32546
-32610
-32621
-32650
-32657
-32696
-32706
-32709
-32711
-32719
-32724
-32737
-32738
-32747
-32756
