7075
14119
-30432
12779
-18283
-30836
-24118
-18028
-20577
-14091
22795
21901
-3432
4580
-5907
28074
-26790
30041
-8329
22974
3591
-15787
3239
-3053
-10681
-27005
18479
-6139
13998
-23639
-27621
-15826
23838
12581
-8978
-1023
-24834
-7349
8707
25141
-8346
-24637
-11400
31690
8935
19410
-11382
27189
-13874
-20722
-22566
6038
7811
-9467
-26867
-10542
-21547
29617
-25023
31203
21051
8636
25967
9405
-29962
-7975
7531
-8044
-26803
18915
12319
25791
-10133
-24642
-18300
12078
-2257
-893
10103
17233
24271
-18990
21641
19047
9658
-25302
-18990
15568
16895
-18008
-16742
23699
20178
31357
-1847
-16345
31913
25710
-25385
-27504
32703
11069
3529
32074
-3730
10844
-14118
-26363
28773
29731
-7511
-14398
7103
25679
-13043
31088
-25834
17022
21911
5651
15477
29876
5220
-22348
32179
-16857
-1662
28262
19770
9273
-12686
3917
-1892
11267
-65
-6932
-16081
-29130
18631
-23152
19172
6407
-25428
-18490
26177
-25236
-20643
27633
-23893
20274
-28782
-17461
19662
-20997
-18423
16717
28703
4883
-22659
-20386
-32765
-16840
-1497
-29250
8421
-30581
-3271
-27999
24979
10700
2461
205
18828
-11622
3760
12935
-30614
-18493
19161
10538
20538
21555
-16371
5752
15433
-29065
2401
12759
-30548
-18792
-12933
-17103
28211
24668
-7498
-15248
-11647
-30931
-30875
25449
24599
-1443
-18154
-4434
-23967
11393
29866
-30308
-18684
22667
32469
30811
16090
-23743
10599
7195
5158
-9858
-17889
-40
9364
-26
-2503
26412
12570
25395
-29986
-21109
-20083
-23390
18686
-11381
25502
-30862
3565
832
-14428
20889
10883
-21265
5045
5821
-2520
-24773
27251
-13336
21001
-9310
7590
1071
10935
-17282
-18718
-4712
-4998
-7162
-8692
-28047
19103
-24115
-25858
-2645
17199
-14272
-21862
13773
11238
-3542
19203
-6125
1401
18382
-20736
17939
18721
10663
-21575
25981
7961
16002
25095
24016
-9507
-21284
30259
-7058
-17668
-119
-23041
-25264
-6915
17929
-4715
-12536
-27759
13452
-24241
-12448
-11798
10324
18133
-15038
6862
-5084
-14878
-27085
23024
-23105
15765
-15407
-13784
14790
10891
-18085
25190
17998
32018
-30424
-21376
29669
12927
-26068
9102
12600
-14318
14984
-2556
4632
26814
-7239
25020
-2554
7441
13642
16321
13946
18509
-17708
-6533
14804
-10142
17260
-31620
-9578
-113
-4591
20415
29761
28411
-16251
13370
5507
-17584
-23101
-24958
-1790
-30412
-21060
-8472
32676
-7373
27651
-21528
10761
-32503
-17107
2451
-28392
13519
23407
9505
20383
21409
-18038
5471
-20654
-11514
-21229
-6766
-29756
7470
-20666
7283
17553
-27091
-25386
-4629
28317
-12356
25452
30466
-27760
-25631
21267
21098
16320
-24007
-24216
19842
-15463
30947
-28630
-23043
25314
17117
20620
-26792
19154
14693
23775
12212
7551
6379
-17877
-361
-8272
15144
-25563
12946
20308
-1430
-6464
4346
-1981
26611
17591
27123
-16991
-27330
17369
-8400
-24117
-19914
-1441
21867
31453
-13973
-11503
-6816
-25367
-28402
17157
-15567
1866
-13171
-31245
6238
-2047
-4592
-32657
-53
-20580
22530
-24320
13377
16586
4489
-29744
26610
26919
-5927
-28119
-22716
21396
-11458
24593
29849
24272
12294
26333
4229
-10428
-22241
-22688
12033
-2270
-32261
2208
22162
6878
-1897
-6538
-30783
22795
18633
-24557
-26134
-18135
2593
-21693
22951
11094
-5174
6097
-2695
-23492
20237
613
21710
-5628
-28786
18840
28569
27393
14962
12527
-13194
-14713
-18913
-19664
-28995
14381
29909
21768
22511
4235
-14633
1862
-27577
-2340
15100
6558
3154
-16430
-21295
-15623
2927
-30211
-11754
12253
-21321
-26528
-31000
-24671
7452
-14631
8934
7986
14248
-28765
10312
25052
-23987
32557
29556
5450
7301
-24099
19044
-75
19050
14066
19801
-13843
-3380
-7918
-1363
6329
28854
-24979
-666
-27577
-3402
-23292
-2872
30323
-15948
-25197
22908
-13993
-26781
17610
27256
-8965
-20769
-20253
-23684
32145
833
-26900
23994
-13885
18281
16256
10872
23901
10635
32471
-7137
-9768
-3995
-7603
18011
-31034
24593
14161
10258
5906
-14443
30227
-26484
19093
-13224
3582
-8627
-11146
16589
18237
18759
28956
-2403
6300
-5225
-21595
26615
21006
31641
-698
-28313
-22312
18457
8339
32094
27043
12911
23455
26847
990
-4327
-3454
12472
17241
-5646
-28213
17929
-25403
7993
-22187
25079
-18125
4860
4907
-27692
-5117
-20403
-17893
-29011
-24028
10748
22892
10654
-24353
31547
826
-3904
17571
16405
-22056
1267
-2019
-18166
-25846
-3187
-22912
-28299
29897
-3328
7104
29768
-16296
10720
27918
-21219
18174
10459
-17014
-12503
13851
-26814
-4651
-24290
-21683
26584
3586
-26248
-2397
23168
-28148
-10382
-27669
-20877
19104
2943
-26811
-28892
1990
-14890
-29074
-13774
20173
-29218
-16833
19911
6463
25149
12245
-31920
19271
6421
4157
-4982
24122
-906
10189
30345
-6923
31550
-11836
-13406
25813
-25880
24743
-11245
4949
-24514
-9227
17204
23917
-555
14286
11698
-21411
-10758
30775
17132
-27296
23112
12529
25836
-5553
10670
-32652
-30397
-29001
-16693
17916
25328
-32125
27296
-11544
12826
26758
12021
14108
-12628
-26947
-1280
-25128
10426
-10677
-4047
-23231
8684
16769
-27956
-15945
-16016
16497
-5190
-28049
-7886
18675
-17377
28487
-22482
-15000
289
25215
31310
27799
-9707
304
-10485
-30792
-32612
12983
-16129
-5033
31864
-11857
1710
31708
-27732
-11684
-32701
-28583
19692
12087
13810
14835
-10615
-18677
10134
-19533
2286
2734
-15349
26984
27792
28822
-18913
24473
24160
26053
-11822
21337
-4006
-22197
-29236
-6599
1898
-21447
592
-8996
-24828
17342
29795
30037
6767
-9793
-24146
-13924
29465
-26206
-15492
-18175
23061
-15618
-26727
27896
-27841
9090
7915
3523
1344
22037
5893
-30971
22777
-26200
10285
-17118
10006
-24008
-225
11980
30470
28747
27936
10700
-26364
-16040
11504
-21766
-2670
-10506
23256
-8266
-22678
-12674
-25191
29832
10996
-28290
-1707
28246
19402
-3426
-30906
10350
5279
25822
-32301
5676
7357
6038
10144
-28180
30643
18061
-5939
9290
979
21419
-22284
-29977
-18613
-13371
16339
32621
-26034
-21358
28469
-28504
4202
-1238
20065
14481
-9023
-1771
-10382
24816
15319
-5513
-20851
-23283
27038
3184
-23501
28733
-27714
-6595
24541
15377
565
-138
20967
-13787
18222
-27441
26804
19368
-8872
19974
5137
-3241
-18018
-22974
846
25524
15581
32240
15296
25027
-2018
-31641
-16191
-6259
20217
1943
17064
-1157
7666
-32046
29789
2145
-13152
-8326
-21184
-30350
-24346
-28970
4795
-11323
28856
3210
5692
15290
-13852
8315
29361
9984
-2534
28082
1936
10790
-29182
23116
9425
-5610
19982
-5193
16754
-14895
5638
-17420
-16883
-24696
-10390
20189
-20183
-22129
-10679
-10600
15145
-2151
28963
-14907
31476
-11211
-2264
19531
10698
31155
-15257
4464
8510
31065
13165
13540
-8042
23194
10270
-32200
32106
24696
-7611
-415
-30175
23448
-13079
26321
31597
-13509
