-32763
-32710
-32700
-32698
-32695
-32694
-32681
-32680
-32678
-32671
-32669
-32663
-32663
-32662
-32656
-32656
-32653
-32645
-32641
-32641
-32640
-32640
-32636
-32631
-32620
-32601
-32593
-32592
-32555
-32547
-32546
-32533
-32515
-32515
-32505
-32504
-32502
-32499
-32495
-32495
-32487
-32486
-32482
-32461
-32457
-32439
-32439
-32421
-32420
-32416
-32413
-32412
-32399
-32387
-32379
-32370
-32353
-32351
-32350
-32349
-32346
-32336
-32333
-32331
-32325
-32315
-32306
-32302
-32289
-32286
-32280
-32277
-32264
-32264
-32253
-32245
-32242
-32240
-32233
-32226
-32226
-32222
-32210
-32203
-32193
-32193
-32171
-32146
-32144
-32141
-32134
-32129
-32113
-32110
-32103
-32092
-32091
-32090
-32073
-32069
-32062
-32060
-32059
-32054
-32053
-32048
-32017
-32009
-32007
-31992
-31986
-31981
-31974
-31969
-31969
-31967
-31967
-31960
-31959
-31957
-31955
-31942
-31941
-31940
-31938
-31936
-31917
-31912
-31902
-31894
-31893
-31889
-31887
-31884
-31880
-31871
-31871
-31854
-31841
-31823
-31821
-31810
-31809
-31802
-31788
-31784
-31780
-31763
-31732
-31732
-31709
-31707
-31706
-31705
-31702
-31697
-31695
-31669
-31663
-31632
-31632
-31630
-31628
-31627
-31609
-31595
-31594
-31571
-31563
-31562
-31554
-31540
-31534
-31519
-31518
-31515
-31513
-31511
-31509
-31508
-31500
-31486
-31454
-31440
-31440
-31431
-31429
-31424
-31413
-31412
-31409
-31403
-31395
-31388
-31384
-31379
-31356
-31344
-31336
-31328
-31316
-31306
-31304
-31289
-31279
-31278
-31256
-31248
-31243
-31231
-31219
-31217
-31196
-31196
-31178
-31175
-31174
-31147
-31132
-31121
-31118
-31108
-31107
-31080
-31057
-31045
-31038
-31034
-31032
-31028
-30992
-30965
-30954
-30947
-30939
-30924
-30913
-30903
-30898
-30880
-30877
-30868
-30862
-30843
-30837
-30822
-30821
-30815
-30808
-30804
-30802
-30799
-30797
-30795
-30793
-30792
-30777
-30776
-30758
-30755
-30712
-30702
-30691
-30687
-30686
-30684
-30681
-30673
-30670
-30668
-30668
-30657
-30653
-30646
-30638
-30633
-30630
-30630
-30617
-30614
-30608
-30603
-30600
-30598
-30574
-30564
-30562
-30554
-30540
-30539
-30533
-30528
-30523
-30502
-30495
-30492
-30489
-30484
-30468
-30461
-30458
-30452
-30446
-30443
-30439
-30427
-30406
-30396
-30386
-30383
-30383
-30364
-30361
-30348
-30342
-30336
-30332
-30319
-30316
-30312
-30308
-30304
-30299
-30293
-30285
-30273
-30269
-30261
-30260
-30252
-30249
-30234
-30232
-30231
-30230
-30228
-30226
-30223
-30221
-30221
-30220
-30199
-30196
-30194
-30166
-30155
-30148
-30136
-30135
-30125
-30122
-30121
-30066
-30062
-30062
-30062
-30056
-30045
-30042
-30040
-30032
-30030
-30028
-30024
-30019
-30014
-30001
-29996
-29995
-29991
-29975
-29974
-29968
-29966
-29937
-29914
-29910
-29903
-29900
-29897
-29894
-29894
-29877
-29870
-29868
-29858
-29851
-29830
-29827
-29826
-29825
-29805
-29805
-29804
-29771
-29763
-29758
-29757
-29753
-29743
-29737
-29732
-29732
-29712
-29708
-29707
-29666
-29648
-29645
-29624
-29616
-29594
-29586
-29584
-29577
-29564
-29554
-29547
-29546
-29541
-29530
-29524
-29497
-29493
-29470
-29469
-29465
-29451
-29420
-29414
-29409
-29401
-29395
-29386
-29382
-29379
-29362
-29360
-29359
-29353
-29353
-29342
-29339
-29335
-29333
-29330
-29327
-29314
-29300
-29296
-29289
-29288
-29287
-29283
-29282
-29277
-29273
-29261
-29223
-29220
-29219
-29217
-29217
-29215
-29214
-29212
-29205
-29192
-29188
-29187
-29185
-29173
-29172
-29162
-29151
-29144
-29105
-29085
-29081
-29072
-29060
-29039
-29034
-29025
-29018
-29009
-28996
-28993
-28990
-28957
-28934
-28930
-28921
-28908
-28898
-28898
-28896
-28867
-28861
-28859
-28854
-28846
-28846
-28845
-28830
-28825
-28824
-28774
-28761
-28761
-28755
-28751
-28751
-28746
-28746
-28726
-28709
-28706
-28692
-28656
-28652
-28613
-28610
-28610
-28608
-28606
-28597
-28591
-28589
-28587
-28583
-28577
-28574
-28571
-28567
-28554
-28548
-28543
-28541
-28541
-28516
-28504
-28503
-28494
-28484
-28482
-28476
-28473
-28472
-28470
-28463
-28462
-28448
-28446
-28445
-28439
-28438
-28435
-28420
-28410
-28405
-28401
-28398
-28397
-28396
-28395
-28374
-28361
-28361
-28359
-28357
-28331
-28327
-28309
-28284
-28280
-28279
-28278
-28267
-28266
-28259
-28255
-28255
-28242
-28234
-28221
-28218
-28215
-28212
-28172
-28149
-28146
-28142
-28142
-28133
-28127
-28127
-28108
-28106
-28096
-28095
-28086
-28070
-28069
-28061
-28054
-28038
-28022
-28003
-28002
-27984
-27978
-27976
-27961
-27957
-27954
-27941
-27935
-27927
-27921
-27915
-27912
-27907
-27906
-27905
-27902
-27889
-27886
-27884
-27865
-27861
-27834
-27830
-27829
-27824
-27823
-27807
-27800
-27795
-27786
-27784
-27781
-27774
-27773
-27760
-27759
-27757
-27757
-27742
-27726
-27699
-27687
-27684
-27678
-27677
-27676
-27675
-27658
-27646
-27636
-27623
-27612
-27612
-27602
-27584
-27576
-27573
-27561
-27534
-27525
-27521
-27520
-27513
-27511
-27509
-27505
-27502
-27494
-27491
-27486
-27481
-27471
-27467
-27465
-27459
-27452
-27445
-27445
-27443
-27435
-27427
-27424
-27419
-27401
-27395
-27393
-27393
-27386
-27374
-27372
-27359
-27340
-27338
-27319
-27319
-27303
-27277
-27272
-27270
-27254
-27254
-27245
-27222
-27221
-27181
-27167
-27166
-27159
-27157
-27156
-27153
-27149
-27132
-27123
-27116
-27111
-27111
-27107
-27090
-27083
-27067
-27057
-27047
-27043
-27025
-27020
-27013
-27010
-27008
-26998
-26995
-26994
-26993
-26980
-26979
-26945
-26942
-26922
-26921
-26890
-26873
-26870
-26870
-26852
-26845
-26836
-26831
-26830
-26828
-26818
-26806
-26803
-26801
-26799
-26796
-26758
-26748
-26748
-26734
-26725
-26720
-26707
-26702
-26690
-26687
-26684
-26672
-26664
-26662
-26659
-26656
-26655
-26652
-26639
-26638
-26630
-26603
-26601
-26583
-26580
-26553
-26549
-26536
-26526
-26524
-26519
-26507
-26490
-26480
-26458
-26458
-26456
-26445
-26430
-26430
-26423
-26421
-26414
-26411
-26407
-26407
-26401
-26397
-26395
-26394
-26380
-26379
-26378
-26367
-26362
-26355
-26353
-26347
-26330
-26330
-26328
-26326
-26318
-26317
-26313
-26313
-26307
-26305
-26303
-26293
-26278
-26275
-26249
-26247
-26239
-26233
-26228
-26206
-26187
-26171
-26170
-26153
-26151
-26144
-26141
-26118
-26116
-26115
-26108
-26098
-26089
-26075
-26066
-26065
-26063
-26059
-26056
-26047
-26044
-26041
-26040
-26035
-26025
-26019
-26018
-26012
-26009
-26003
-26001
-25998
-25986
-25973
-25972
-25963
-25956
-25936
-25907
-25892
-25889
-25888
-25879
-25868
-25865
-25826
-25818
-25808
-25800
-25793
-25790
-25786
-25783
-25777
-25764
-25757
-25751
-25737
-25736
-25735
-25721
-25721
-25715
-25697
-25694
-25677
-25651
-25630
-25623
-25620
-25614
-25610
-25605
-25603
-25603
-25599
-25589
-25586
-25567
-25566
-25551
-25550
-25545
-25541
-25540
-25539
-25537
-25529
-25527
-25516
-25495
-25494
-25493
-25465
-25465
-25441
-25436
-25432
-25425
-25415
-25385
-25379
-25370
-25370
-25362
-25356
-25351
-25338
-25332
-25284
-25276
-25274
-25243
-25238
-25236
-25209
-25203
-25184
-25184
-25183
-25177
-25167
-25165
-25140
-25139
-25089
-25084
-25069
-25068
-25066
-25049
-25048
-25045
-25027
-25015
-25011
-25009
-24979
-24975
-24948
-24947
-24941
-24922
-24889
-24881
-24878
-24865
-24852
-24850
-24846
-24843
-24833
-24826
-24825
-24819
-24816
-24814
-24802
-24801
-24792
-24778
-24774
-24737
-24737
-24736
-24718
-24717
-24715
-24702
-24697
-24695
-24684
-24682
-24679
-24669
-24661
-24660
-24653
-24653
-24652
-24649
-24643
-24642
-24637
-24636
-24626
-24623
-24621
-24620
-24612
-24598
-24593
-24584
-24584
-24567
-24548
-24533
-24532
-24521
-24517
-24515
-24484
-24477
-24476
-24460
-24457
-24451
-24448
-24440
-24426
-24416
-24413
-24406
-24401
-24361
-24348
-24347
-24341
-24328
-24322
-24320
-24318
-24314
-24314
-24311
-24304
-24302
-24297
-24297
-24293
-24293
-24284
-24274
-24254
-24252
-24249
-24220
-24219
-24217
-24215
-24214
-24211
-24196
-24190
-24187
-24187
-24185
-24171
-24169
-24138
-24137
-24133
-24129
-24127
-24120
-24117
-24113
-24108
-24106
-24106
-24093
-24091
-24086
-24082
-24063
-24063
-24052
-24044
-24041
-24033
-24033
-24029
-24009
-23991
-23986
-23981
-23963
-23945
-23942
-23940
-23931
-23925
-23924
-23906
-23905
-23886
-23866
-23866
-23851
-23842
-23840
-23829
-23821
-23820
-23819
-23803
-23797
-23788
-23786
-23781
-23777
-23775
-23774
-23767
-23757
-23757
-23754
-23753
-23745
-23720
-23715
-23707
-23701
-23690
-23683
-23683
-23679
-23677
-23676
-23666
-23654
-23653
-23628
-23615
-23597
-23575
-23567
-23566
-23556
-23554
-23545
-23544
-23533
-23531
-23516
-23516
-23516
-23515
-23507
-23471
-23432
-23424
-23424
-23422
-23406
-23403
-23396
-23393
-23382
-23379
-23367
-23362
-23333
-23328
-23327
-23318
-23317
-23316
-23309
-23299
-23298
-23292
-23282
-23270
-23264
-23245
-23240
-23240
-23238
-23224
-23215
-23199
-23175
-23171
-23163
-23161
-23160
-23139
-23131
-23129
-23116
-23102
-23099
-23090
-23083
-23068
-23040
-23039
-23028
-23022
-23021
-23018
-23014
-23007
-23004
-22984
-22978
-22974
-22974
-22960
-22958
-22955
-22950
-22948
-22946
-22936
-22933
-22927
-22923
-22922
-22920
-22900
-22893
-22890
-22888
-22878
-22875
-22837
-22837
-22823
-22810
-22803
-22790
-22770
-22760
-22756
-22749
-22749
-22743
-22736
-22732
-22729
-22729
-22700
-22692
-22683
-22667
-22663
-22654
-22653
-22648
-22645
-22636
-22635
-22632
-22629
-22622
-22609
-22593
-22589
-22579
-22576
-22564
-22564
-22556
-22554
-22540
-22534
-22520
-22514
-22452
-22451
-22441
-22435
-22432
-22426
-22425
-22415
-22395
-22387
-22380
-22376
-22375
-22374
-22371
-22369
-22367
-22367
-22365
-22352
-22336
-22333
-22324
-22320
-22319
-22315
-22310
-22285
-22264
-22256
-22252
-22238
-22227
-22224
-22213
-22202
-22192
-22185
-22152
-22146
-22136
-22133
-22127
-22116
-22105
-22083
-22081
-22074
-22074
-22065
-22052
-22046
-22039
-22023
-22013
-22007
-22005
-22001
-21999
-21997
-21996
-21993
-21989
-21988
-21974
-21964
-21962
-21940
-21933
-21927
-21910
-21907
-21903
-21897
-21886
-21884
-21880
-21867
-21833
-21817
-21812
-21803
-21801
-21798
-21795
-21792
-21780
-21764
-21754
-21738
-21734
-21732
-21697
-21692
-21639
-21623
-21623
-21609
-21606
-21605
-21597
-21596
-21594
-21594
-21589
-21584
-21577
-21575
-21566
-21560
-21557
-21541
-21536
-21519
-21504
-21488
-21470
-21454
-21444
-21440
-21415
-21407
-21401
-21383
-21370
-21370
-21368
-21367
-21362
-21349
-21346
-21342
-21339
-21338
-21329
-21307
-21293
-21281
-21280
-21280
-21274
-21273
-21261
-21250
-21250
-21247
-21245
-21228
-21221
-21218
-21209
-21207
-21206
-21200
-21198
-21194
-21189
-21172
-21171
-21149
-21146
-21139
-21136
-21129
-21128
-21123
-21115
-21111
-21109
-21108
-21107
-21085
-21084
-21080
-21072
-21065
-21063
-21061
-21060
-21049
-21047
-21031
-21031
-21023
-21017
-21012
-20999
-20986
-20959
-20957
-20954
-20945
-20941
-20916
-20909
-20899
-20893
-20892
-20885
-20881
-20862
-20860
-20860
-20843
-20840
-20836
-20833
-20830
-20829
-20814
-20812
-20809
-20805
-20768
-20761
-20759
-20752
-20736
-20735
-20688
-20683
-20661
-20654
-20632
-20630
-20626
-20607
-20596
-20583
-20581
-20579
-20570
-20570
-20568
-20548
-20543
-20532
-20527
-20496
-20489
-20487
-20486
-20483
-20482
-20479
-20468
-20431
-20414
-20392
-20392
-20379
-20378
-20377
-20365
-20352
-20344
-20337
-20334
-20334
-20325
-20296
-20286
-20277
-20276
-20274
-20269
-20267
-20262
-20260
-20220
-20211
-20208
-20185
-20181
-20177
-20160
-20157
-20149
-20148
-20141
-20137
-20135
-20129
-20126
-20115
-20107
-20106
-20089
-20088
-20078
-20068
-20058
-20049
-20042
-20030
-20029
-20020
-20010
-20005
-19978
-19962
-19945
-19940
-19937
-19933
-19919
-19906
-19903
-19894
-19886
-19881
-19866
-19865
-19851
-19840
-19831
-19824
-19814
-19811
-19811
-19804
-19785
-19765
-19760
-19757
-19734
-19728
-19714
-19705
-19704
-19704
-19703
-19697
-19691
-19686
-19675
-19651
-19647
-19640
-19634
-19620
-19620
-19586
-19516
-19492
-19477
-19477
-19473
-19434
-19429
-19426
-19410
-19403
-19397
-19393
-19385
-19385
-19384
-19383
-19370
-19368
-19366
-19333
-19333
-19329
-19321
-19298
-19283
-19280
-19275
-19272
-19263
-19254
-19233
-19225
-19211
-19210
-19209
-19209
-19192
-19192
-19191
-19176
-19175
-19173
-19170
-19166
-19160
-19157
-19150
-19148
-19134
-19133
-19133
-19123
-19104
-19091
-19091
-19086
-19070
-19061
-19051
-19038
-19021
-19019
-18997
-18996
-18982
-18977
-18974
-18970
-18970
-18962
-18950
-18948
-18947
-18932
-18915
-18907
-18894
-18892
-18865
-18861
-18861
-18848
-18833
-18831
-18829
-18824
-18818
-18815
-18809
-18801
-18773
-18770
-18767
-18748
-18741
-18737
-18731
-18725
-18720
-18715
-18703
-18701
-18700
-18692
-18692
-18676
-18662
-18657
-18646
-18641
-18629
-18623
-18623
-18623
-18604
-18595
-18584
-18564
-18559
-18552
-18551
-18549
-18548
-18544
-18542
-18540
-18534
-18528
-18516
-18512
-18501
-18501
-18499
-18493
-18483
-18482
-18471
-18469
-18464
-18463
-18458
-18453
-18427
-18404
-18401
-18376
-18372
-18360
-18352
-18350
-18348
-18341
-18339
-18336
-18304
-18285
-18276
-18263
-18259
-18237
-18228
-18224
-18218
-18214
-18203
-18193
-18182
-18178
-18155
-18147
-18141
-18126
-18114
-18113
-18109
-18108
-18093
-18088
-18084
-18080
-18075
-18075
-18074
-18065
-18055
-18042
-18029
-18020
-18017
-18016
-17999
-17995
-17989
-17988
-17980
-17979
-17978
-17958
-17955
-17932
-17925
-17912
-17911
-17911
-17909
-17908
-17899
-17897
-17892
-17867
-17862
-17856
-17842
-17833
-17826
-17824
-17810
-17803
-17799
-17783
-17778
-17774
-17767
-17764
-17759
-17756
-17753
-17740
-17738
-17727
-17723
-17722
-17716
-17716
-17713
-17708
-17707
-17705
-17698
-17692
-17684
-17683
-17681
-17673
-17671
-17649
-17640
-17639
-17638
-17612
-17601
-17596
-17596
-17591
-17587
-17577
-17575
-17573
-17536
-17523
-17517
-17516
-17512
-17496
-17494
-17487
-17481
-17476
-17470
-17464
-17459
-17459
-17454
-17453
-17442
-17437
-17434
-17416
-17414
-17402
-17398
-17397
-17396
-17395
-17389
-17355
-17353
-17339
-17326
-17325
-17310
-17308
-17305
-17305
-17297
-17265
-17255
-17250
-17248
-17247
-17231
-17208
-17205
-17194
-17188
-17177
-17174
-17169
-17164
-17161
-17158
-17153
-17150
-17137
-17114
-17102
-17097
-17097
-17095
-17095
-17084
-17081
-17070
-17047
-17033
-17032
-17027
-17026
-17026
-17018
-17004
-16998
-16979
-16977
-16975
-16964
-16964
-16953
-16917
-16910
-16905
-16899
-16892
-16889
-16866
-16862
-16836
-16823
-16806
-16801
-16793
-16790
-16784
-16772
-16772
-16765
-16764
-16759
-16753
-16753
-16753
-16743
-16735
-16730
-16715
-16709
-16706
-16704
-16701
-16699
-16695
-16680
-16680
-16667
-16654
-16646
-16634
-16633
-16632
-16629
-16620
-16611
-16611
-16604
-16595
-16594
-16587
-16544
-16543
-16535
-16499
-16495
-16482
-16478
-16449
-16439
-16436
-16415
-16411
-16407
-16368
-16367
-16363
-16359
-16350
-16342
-16341
-16337
-16334
-16334
-16330
-16329
-16326
-16314
-16313
-16304
-16297
-16291
-16285
-16282
-16281
-16273
-16255
-16252
-16248
-16236
-16228
-16213
-16206
-16197
-16192
-16185
-16184
-16176
-16168
-16147
-16135
-16132
-16128
-16124
-16119
-16117
-16112
-16105
-16097
-16094
-16091
-16088
-16083
-16074
-16070
-16058
-16054
-16047
-16046
-16035
-16016
-15972
-15968
-15962
-15951
-15945
-15942
-15940
-15933
-15924
-15919
-15918
-15912
-15895
-15892
-15889
-15887
-15878
-15877
-15873
-15854
-15837
-15833
-15832
-15828
-15826
-15823
-15819
-15815
-15809
-15787
-15784
-15768
-15767
-15766
-15765
-15763
-15763
-15753
-15753
-15752
-15723
-15719
-15707
-15692
-15691
-15661
-15640
-15619
-15613
-15598
-15574
-15547
-15546
-15543
-15529
-15510
-15506
-15502
-15499
-15491
-15488
-15487
-15480
-15477
-15471
-15461
-15459
-15458
-15456
-15450
-15446
-15431
-15425
-15421
-15418
-15406
-15400
-15392
-15391
-15389
-15382
-15377
-15372
-15368
-15363
-15349
-15349
-15347
-15335
-15334
-15333
-15329
-15316
-15311
-15304
-15299
-15287
-15287
-15274
-15247
-15222
-15221
-15203
-15184
-15174
-15170
-15170
-15168
-15149
-15125
-15121
-15120
-15117
-15114
-15105
-15098
-15086
-15086
-15082
-15079
-15072
-15072
-15072
-15026
-15015
-15009
-14997
-14996
-14994
-14986
-14982
-14966
-14955
-14953
-14952
-14940
-14928
-14927
-14927
-14921
-14912
-14906
-14895
-14889
-14887
-14883
-14880
-14878
-14861
-14860
-14854
-14848
-14843
-14808
-14801
-14785
-14773
-14765
-14761
-14749
-14748
-14742
-14741
-14736
-14733
-14716
-14703
-14686
-14681
-14677
-14667
-14658
-14657
-14644
-14642
-14634
-14631
-14629
-14619
-14614
-14612
-14605
-14604
-14603
-14602
-14591
-14591
-14583
-14581
-14577
-14572
-14567
-14566
-14561
-14545
-14502
-14491
-14488
-14477
-14476
-14471
-14469
-14467
-14457
-14449
-14449
-14447
-14446
-14436
-14433
-14430
-14419
-14417
-14414
-14406
-14405
-14370
-14363
-14360
-14354
-14352
-14332
-14329
-14326
-14319
-14316
-14303
-14296
-14283
-14272
-14272
-14258
-14257
-14257
-14240
-14240
-14232
-14232
-14218
-14213
-14198
-14192
-14178
-14149
-14148
-14143
-14138
-14138
-14135
-14112
-14110
-14105
-14098
-14098
-14097
-14095
-14091
-14087
-14083
-14079
-14046
-14041
-14040
-14030
-14024
-14021
-14020
-14016
-14009
-13997
-13985
-13975
-13974
-13961
-13955
-13945
-13933
-13901
-13898
-13895
-13895
-13880
-13878
-13868
-13841
-13837
-13831
-13829
-13824
-13806
-13789
-13776
-13776
-13775
-13764
-13757
-13742
-13741
-13741
-13730
-13718
-13716
-13695
-13683
-13680
-13674
-13671
-13662
-13649
-13627
-13624
-13611
-13579
-13574
-13565
-13552
-13545
-13539
-13525
-13521
-13512
-13504
-13504
-13491
-13489
-13488
-13487
-13475
-13470
-13468
-13464
-13462
-13461
-13458
-13426
-13419
-13415
-13415
-13414
-13372
-13371
-13369
-13358
-13356
-13353
-13353
-13340
-13339
-13338
-13304
-13300
-13288
-13284
-13283
-13282
-13278
-13272
-13259
-13258
-13252
-13249
-13221
-13208
-13199
-13199
-13190
-13184
-13177
-13170
-13170
-13167
-13159
-13152
-13132
-13124
-13116
-13116
-13113
-13110
-13099
-13086
-13085
-13076
-13073
-13071
-13068
-13063
-13057
-13055
-13047
-13036
-13034
-13034
-13033
-13033
-13025
-13021
-13017
-13016
-13016
-13006
-13002
-12996
-12995
-12974
-12959
-12948
-12936
-12931
-12921
-12917
-12912
-12910
-12897
-12892
-12888
-12877
-12860
-12843
-12841
-12840
-12818
-12812
-12812
-12806
-12800
-12798
-12759
-12755
-12753
-12753
-12742
-12741
-12734
-12733
-12717
-12716
-12711
-12704
-12690
-12686
-12685
-12657
-12642
-12637
-12631
-12626
-12620
-12619
-12612
-12597
-12582
-12568
-12563
-12551
-12544
-12540
-12535
-12529
-12517
-12477
-12467
-12455
-12448
-12446
-12444
-12443
-12433
-12424
-12393
-12391
-12390
-12386
-12376
-12361
-12321
-12311
-12303
-12283
-12269
-12266
-12264
-12254
-12253
-12252
-12247
-12233
-12217
-12216
-12202
-12191
-12189
-12185
-12181
-12180
-12180
-12174
-12169
-12167
-12163
-12160
-12153
-12143
-12123
-12121
-12120
-12104
-12093
-12092
-12086
-12084
-12081
-12068
-12066
-12032
-12031
-12021
-12005
-12001
-12001
-11997
-11995
-11990
-11986
-11982
-11981
-11980
-11977
-11973
-11968
-11966
-11960
-11955
-11944
-11931
-11924
-11923
-11919
-11901
-11897
-11892
-11888
-11887
-11887
-11882
-11877
-11859
-11847
-11845
-11841
-11840
-11838
-11836
-11830
-11821
-11821
-11802
-11794
-11785
-11784
-11783
-11740
-11730
-11729
-11726
-11712
-11700
-11685
-11682
-11681
-11667
-11663
-11637
-11622
-11621
-11618
-11614
-11611
-11610
-11588
-11583
-11579
-11553
-11552
-11548
-11544
-11543
-11500
-11499
-11491
-11485
-11473
-11471
-11423
-11403
-11401
-11395
-11388
-11383
-11362
-11346
-11339
-11332
-11330
-11323
-11321
-11304
-11292
-11288
-11280
-11276
-11271
-11268
-11260
-11254
-11251
-11251
-11237
-11222
-11219
-11218
-11214
-11203
-11182
-11161
-11156
-11156
-11153
-11152
-11122
-11118
-11116
-11107
-11107
-11106
-11094
-11069
-11068
-11064
-11064
-11045
-11029
-11009
-10996
-10993
-10992
-10991
-10990
-10983
-10978
-10976
-10962
-10953
-10945
-10944
-10925
-10922
-10899
-10874
-10866
-10847
-10844
-10843
-10837
-10834
-10827
-10805
-10804
-10788
-10783
-10780
-10778
-10775
-10768
-10766
-10765
-10750
-10748
-10747
-10741
-10739
-10702
-10695
-10693
-10692
-10687
-10685
-10683
-10679
-10673
-10667
-10662
-10657
-10655
-10650
-10644
-10644
-10632
-10619
-10610
-10605
-10602
-10602
-10596
-10587
-10583
-10572
-10565
-10564
-10553
-10552
-10543
-10528
-10522
-10516
-10516
-10512
-10503
-10502
-10502
-10500
-10499
-10496
-10493
-10452
-10443
-10437
-10437
-10420
-10408
-10404
-10387
-10379
-10370
-10356
-10352
-10352
-10337
-10336
-10328
-10308
-10306
-10300
-10297
-10294
-10289
-10286
-10281
-10273
-10271
-10250
-10242
-10239
-10237
-10236
-10235
-10225
-10223
-10216
-10205
-10163
-10156
-10142
-10108
-10103
-10097
-10090
-10081
-10074
-10071
-10069
-10041
-10036
-10035
-10035
-10029
-10024
-10013
-10013
-9998
-9995
-9989
-9988
-9986
-9979
-9978
-9966
-9965
-9964
-9960
-9943
-9927
-9923
-9918
-9889
-9889
-9881
-9873
-9852
-9841
-9839
-9806
-9804
-9801
-9799
-9797
-9797
-9796
-9795
-9787
-9766
-9759
-9757
-9732
-9709
-9706
-9699
-9687
-9680
-9676
-9675
-9673
-9660
-9641
-9623
-9612
-9609
-9599
-9597
-9589
-9583
-9579
-9578
-9575
-9564
-9543
-9537
-9537
-9532
-9520
-9499
-9492
-9480
-9470
-9467
-9451
-9443
-9430
-9417
-9416
-9412
-9405
-9392
-9383
-9381
-9373
-9366
-9354
-9352
-9337
-9336
-9335
-9299
-9299
-9297
-9272
-9272
-9260
-9245
-9240
-9234
-9230
-9228
-9224
-9218
-9216
-9212
-9194
-9183
-9176
-9174
-9168
-9153
-9146
-9136
-9133
-9128
-9125
-9120
-9120
-9115
-9109
-9088
-9084
-9079
-9076
-9067
-9067
-9065
-9053
-9037
-9028
-9024
-9020
-8996
-8989
-8988
-8988
-8985
-8972
-8966
-8961
-8958
-8947
-8944
-8942
-8924
-8917
-8908
-8908
-8898
-8897
-8896
-8886
-8879
-8858
-8846
-8842
-8826
-8821
-8808
-8805
-8804
-8795
-8789
-8787
-8784
-8767
-8761
-8751
-8741
-8736
-8733
-8732
-8730
-8726
-8718
-8702
-8689
-8681
-8677
-8669
-8649
-8645
-8643
-8614
-8613
-8611
-8609
-8594
-8589
-8574
-8564
-8561
-8550
-8547
-8540
-8528
-8515
-8476
-8474
-8474
-8465
-8461
-8448
-8435
-8434
-8433
-8433
-8425
-8421
-8421
-8419
-8415
-8397
-8396
-8392
-8390
-8373
-8372
-8349
-8348
-8344
-8331
-8330
-8324
-8294
-8294
-8282
-8266
-8264
-8260
-8251
-8247
-8233
-8231
-8231
-8217
-8216
-8215
-8212
-8207
-8206
-8180
-8173
-8158
-8157
-8150
-8149
-8140
-8139
-8135
-8130
-8110
-8102
-8099
-8092
-8091
-8078
-8074
-8059
-8056
-8055
-8044
-8019
-8011
-7999
-7992
-7991
-7982
-7982
-7976
-7957
-7953
-7952
-7939
-7937
-7937
-7934
-7933
-7932
-7905
-7905
-7904
-7902
-7899
-7895
-7891
-7857
-7844
-7843
-7838
-7834
-7827
-7826
-7815
-7808
-7805
-7800
-7798
-7794
-7789
-7787
-7771
-7766
-7765
-7752
-7749
-7740
-7740
-7739
-7733
-7720
-7707
-7704
-7691
-7690
-7690
-7687
-7685
-7670
-7644
-7643
-7612
-7611
-7591
-7588
-7586
-7576
-7566
-7565
-7564
-7560
-7555
-7547
-7545
-7533
-7488
-7471
-7470
-7469
-7457
-7452
-7447
-7442
-7440
-7416
-7415
-7403
-7369
-7359
-7358
-7357
-7348
-7347
-7340
-7339
-7318
-7306
-7300
-7290
-7286
-7283
-7278
-7275
-7272
-7262
-7262
-7257
-7252
-7250
-7247
-7239
-7238
-7231
-7214
-7202
-7199
-7198
-7188
-7186
-7173
-7172
-7166
-7159
-7143
-7142
-7136
-7125
-7103
-7102
-7088
-7078
-7075
-7068
-7066
-7064
-7055
-7037
-7034
-7030
-7030
-7028
-7028
-7016
-7015
-7009
-7006
-7000
-6993
-6985
-6979
-6958
-6957
-6940
-6936
-6932
-6923
-6900
-6893
-6888
-6888
-6886
-6872
-6862
-6852
-6849
-6848
-6838
-6838
-6827
-6803
-6792
-6784
-6779
-6779
-6774
-6772
-6766
-6764
-6757
-6742
-6732
-6717
-6702
-6701
-6693
-6692
-6689
-6684
-6660
-6635
-6633
-6612
-6605
-6604
-6598
-6590
-6579
-6571
-6569
-6554
-6545
-6541
-6537
-6535
-6517
-6512
-6507
-6500
-6493
-6476
-6466
-6463
-6442
-6441
-6423
-6408
-6406
-6404
-6398
-6393
-6388
-6380
-6378
-6365
-6365
-6358
-6335
-6331
-6299
-6297
-6296
-6296
-6292
-6288
-6287
-6286
-6282
-6269
-6252
-6246
-6240
-6231
-6226
-6223
-6221
-6217
-6215
-6213
-6198
-6197
-6193
-6180
-6165
-6164
-6158
-6153
-6148
-6140
-6138
-6133
-6123
-6103
-6094
-6092
-6088
-6084
-6080
-6079
-6074
-6067
-6058
-6058
-6051
-6026
-6010
-6006
-6000
-5994
-5994
-5978
-5975
-5966
-5965
-5946
-5944
-5934
-5930
-5915
-5915
-5901
-5895
-5893
-5891
-5889
-5884
-5879
-5863
-5860
-5853
-5847
-5846
-5844
-5842
-5829
-5826
-5825
-5815
-5814
-5810
-5803
-5795
-5789
-5785
-5778
-5752
-5738
-5735
-5732
-5721
-5707
-5698
-5688
-5680
-5679
-5678
-5672
-5669
-5667
-5661
-5656
-5626
-5621
-5613
-5604
-5589
-5583
-5574
-5573
-5554
-5553
-5540
-5538
-5531
-5516
-5510
-5503
-5495
-5488
-5475
-5473
-5470
-5468
-5457
-5456
-5444
-5425
-5420
-5418
-5411
-5407
-5397
-5389
-5381
-5372
-5370
-5364
-5361
-5359
-5346
-5344
-5342
-5325
-5310
-5300
-5279
-5267
-5264
-5254
-5251
-5248
-5247
-5234
-5225
-5214
-5192
-5186
-5181
-5173
-5168
-5143
-5141
-5131
-5125
-5117
-5106
-5104
-5091
-5080
-5075
-5044
-5022
-5015
-5012
-5006
-4995
-4994
-4978
-4967
-4967
-4964
-4955
-4954
-4939
-4937
-4906
-4899
-4890
-4888
-4884
-4868
-4868
-4867
-4844
-4842
-4838
-4835
-4834
-4827
-4826
-4777
-4776
-4770
-4763
-4754
-4752
-4746
-4732
-4730
-4724
-4700
-4694
-4693
-4691
-4683
-4669
-4662
-4654
-4619
-4617
-4607
-4605
-4604
-4594
-4578
-4572
-4568
-4560
-4548
-4547
-4536
-4531
-4511
-4499
-4494
-4492
-4469
-4455
-4448
-4445
-4438
-4414
-4409
-4406
-4405
-4401
-4394
-4393
-4384
-4377
-4377
-4376
-4345
-4336
-4316
-4296
-4270
-4270
-4266
-4263
-4262
-4241
-4233
-4232
-4226
-4212
-4208
-4196
-4185
-4174
-4174
-4160
-4151
-4150
-4131
-4127
-4106
-4105
-4085
-4081
-4077
-4066
-4060
-4044
-4039
-4032
-4029
-4028
-4025
-4020
-4004
-3986
-3968
-3963
-3958
-3958
-3934
-3928
-3924
-3917
-3913
-3908
-3895
-3889
-3885
-3881
-3878
-3875
-3872
-3871
-3867
-3863
-3859
-3849
-3837
-3828
-3822
-3811
-3795
-3794
-3792
-3790
-3788
-3773
-3765
-3760
-3756
-3756
-3754
-3744
-3736
-3734
-3732
-3732
-3715
-3713
-3713
-3705
-3695
-3692
-3682
-3674
-3661
-3661
-3660
-3642
-3628
-3618
-3612
-3597
-3592
-3578
-3578
-3572
-3569
-3561
-3556
-3540
-3535
-3520
-3489
-3480
-3479
-3468
-3461
-3461
-3446
-3435
-3426
-3400
-3395
-3389
-3384
-3377
-3376
-3363
-3335
-3331
-3327
-3320
-3317
-3312
-3280
-3266
-3263
-3247
-3239
-3238
-3231
-3219
-3214
-3213
-3203
-3202
-3191
-3162
-3160
-3153
-3146
-3118
-3116
-3097
-3095
-3079
-3074
-3072
-3066
-3062
-3045
-3041
-3037
-3027
-3017
-3002
-3000
-2998
-2989
-2982
-2976
-2973
-2964
-2961
-2957
-2953
-2920
-2920
-2904
-2902
-2902
-2896
-2891
-2884
-2877
-2876
-2870
-2869
-2868
-2861
-2852
-2842
-2842
-2830
-2826
-2818
-2811
-2806
-2784
-2780
-2779
-2767
-2767
-2766
-2750
-2744
-2737
-2736
-2712
-2703
-2698
-2665
-2663
-2650
-2630
-2625
-2625
-2620
-2619
-2615
-2611
-2595
-2590
-2589
-2586
-2583
-2566
-2555
-2544
-2486
-2482
-2479
-2452
-2444
-2441
-2439
-2439
-2430
-2430
-2416
-2398
-2397
-2386
-2371
-2348
-2347
-2301
-2297
-2291
-2288
-2280
-2276
-2276
-2275
-2271
-2271
-2270
-2255
-2250
-2247
-2231
-2231
-2230
-2228
-2227
-2219
-2213
-2210
-2160
-2159
-2155
-2149
-2144
-2125
-2115
-2093
-2091
-2082
-2068
-2056
-2046
-2031
-2007
-2002
-2000
-1992
-1973
-1973
-1960
-1943
-1942
-1937
-1917
-1916
-1915
-1902
-1884
-1880
-1879
-1876
-1872
-1855
-1848
-1832
-1831
-1828
-1827
-1823
-1818
-1788
-1784
-1781
-1765
-1755
-1746
-1738
-1738
-1730
-1711
-1709
-1707
-1699
-1695
-1694
-1688
-1680
-1677
-1675
-1674
-1669
-1661
-1656
-1655
-1653
-1646
-1632
-1632
-1623
-1620
-1609
-1605
-1588
-1585
-1575
-1550
-1533
-1529
-1514
-1512
-1509
-1501
-1500
-1489
-1484
-1480
-1473
-1472
-1470
-1464
-1460
-1457
-1456
-1455
-1451
-1450
-1435
-1430
-1418
-1415
-1402
-1376
-1374
-1369
-1368
-1367
-1359
-1355
-1338
-1336
-1326
-1319
-1315
-1312
-1303
-1302
-1297
-1293
-1288
-1287
-1279
-1273
-1270
-1255
-1251
-1218
-1216
-1212
-1209
-1190
-1180
-1176
-1169
-1163
-1155
-1154
-1148
-1136
-1133
-1133
-1129
-1128
-1098
-1092
-1085
-1077
-1064
-1061
-1057
-1055
-1040
-1038
-1037
-1021
-1019
-1008
-1005
-1000
-992
-979
-966
-964
-961
-951
-939
-934
-924
-909
-898
-893
-892
-884
-876
-866
-857
-842
-839
-837
-833
-832
-831
-831
-816
-810
-802
-785
-776
-774
-748
-725
-713
-711
-693
-685
-673
-670
-669
-650
-632
-629
-610
-605
-599
-570
-568
-560
-559
-556
-545
-543
-510
-501
-479
-461
-459
-418
-397
-397
-379
-378
-367
-367
-365
-363
-357
-343
-315
-308
-306
-304
-295
-293
-289
-286
-285
-263
-256
-246
-244
-240
-238
-229
-229
-222
-215
-211
-191
-182
-182
-170
-157
-154
-151
-142
-134
-133
-118
-115
-107
-102
-90
-78
-74
-73
-71
-59
-52
-43
-41
-40
-34
-29
-25
-21
-6
0
6
9
32
33
50
50
59
80
87
90
101
109
112
117
118
138
139
176
194
215
230
237
258
260
262
263
272
275
279
299
304
306
312
318
333
335
337
340
342
355
370
377
387
429
431
444
446
451
458
460
466
478
485
489
492
492
502
507
512
533
552
566
576
592
607
607
617
618
618
627
629
631
652
659
676
682
689
693
703
710
718
720
720
721
741
744
773
775
784
785
785
803
826
832
878
882
887
891
894
900
903
912
912
927
950
961
973
976
995
1004
1006
1009
1014
1017
1024
1027
1041
1043
1062
1064
1074
1083
1089
1109
1112
1112
1116
1120
1121
1126
1130
1136
1136
1161
1161
1170
1179
1185
1206
1214
1220
1223
1230
1234
1235
1250
1273
1276
1283
1285
1287
1327
1340
1346
1370
1377
1383
1385
1387
1388
1405
1440
1445
1445
1448
1462
1468
1477
1487
1498
1500
1503
1515
1519
1529
1542
1556
1556
1563
1571
1587
1589
1592
1614
1616
1618
1627
1645
1646
1660
1687
1689
1694
1696
1702
1707
1707
1709
1723
1739
1753
1761
1763
1765
1783
1808
1817
1836
1845
1848
1863
1864
1864
1871
1877
1878
1880
1889
1895
1895
1899
1915
1917
1933
1935
1943
1947
1950
1951
1951
1956
1968
1978
1979
1984
1996
2005
2014
2017
2026
2028
2064
2067
2071
2073
2084
2097
2110
2116
2118
2121
2125
2137
2151
2153
2161
2164
2168
2171
2171
2196
2197
2216
2224
2232
2252
2259
2271
2280
2285
2294
2316
2318
2321
2323
2340
2343
2346
2350
2355
2360
2377
2377
2377
2386
2386
2387
2390
2394
2397
2406
2415
2436
2436
2448
2448
2457
2462
2474
2490
2495
2510
2577
2597
2600
2605
2609
2609
2614
2617
2623
2624
2646
2663
2668
2673
2688
2690
2691
2703
2706
2711
2711
2715
2723
2726
2727
2738
2741
2747
2771
2771
2792
2809
2817
2822
2822
2829
2832
2840
2842
2843
2848
2858
2865
2878
2884
2884
2884
2885
2897
2904
2911
2912
2922
2965
2969
2977
2982
2982
3000
3017
3022
3056
3063
3079
3082
3099
3104
3114
3116
3135
3141
3142
3154
3156
3156
3164
3184
3186
3190
3191
3192
3195
3206
3208
3214
3225
3228
3247
3249
3256
3259
3260
3268
3273
3274
3279
3283
3284
3303
3316
3321
3328
3342
3343
3359
3365
3369
3378
3388
3394
3402
3416
3420
3425
3427
3433
3450
3458
3467
3478
3484
3485
3489
3500
3527
3534
3548
3556
3562
3570
3571
3586
3603
3607
3615
3621
3623
3625
3638
3647
3660
3676
3678
3684
3685
3691
3698
3703
3703
3709
3714
3726
3729
3732
3733
3733
3735
3741
3743
3745
3752
3756
3761
3763
3790
3795
3801
3813
3822
3828
3834
3845
3847
3848
3857
3875
3878
3890
3901
3924
3925
3928
3944
3947
3952
3967
3985
3986
3987
3994
4000
4026
4058
4075
4084
4084
4087
4089
4095
4103
4104
4131
4137
4139
4146
4153
4163
4168
4178
4183
4188
4196
4202
4207
4211
4212
4219
4220
4235
4250
4254
4273
4275
4288
4288
4324
4337
4343
4344
4351
4352
4359
4365
4371
4377
4382
4389
4390
4402
4410
4415
4421
4434
4440
4450
4453
4455
4465
4473
4480
4481
4493
4504
4515
4528
4529
4549
4552
4554
4569
4577
4587
4588
4597
4601
4605
4612
4615
4624
4635
4648
4648
4654
4659
4670
4694
4695
4697
4740
4760
4785
4785
4792
4798
4804
4805
4823
4832
4836
4845
4845
4856
4878
4897
4897
4902
4908
4928
4943
4949
4954
4967
4969
4974
4979
4990
5000
5005
5005
5011
5016
5019
5020
5025
5025
5037
5041
5042
5048
5049
5051
5053
5056
5056
5057
5072
5074
5090
5150
5151
5163
5171
5176
5177
5178
5185
5225
5230
5241
5242
5251
5253
5267
5269
5269
5273
5281
5291
5307
5333
5335
5339
5344
5349
5355
5357
5358
5362
5364
5380
5382
5393
5401
5405
5412
5423
5423
5427
5452
5466
5470
5474
5484
5493
5500
5514
5516
5526
5539
5560
5593
5595
5598
5608
5618
5624
5643
5654
5667
5683
5686
5693
5703
5707
5707
5722
5722
5747
5751
5751
5756
5757
5759
5772
5778
5785
5785
5799
5808
5809
5810
5829
5835
5858
5872
5877
5881
5895
5906
5911
5928
5946
5947
5966
5967
5974
5974
5983
5986
5991
6008
6024
6047
6054
6059
6084
6086
6109
6114
6115
6121
6125
6133
6135
6138
6171
6186
6190
6195
6206
6216
6235
6236
6249
6249
6249
6251
6270
6276
6302
6312
6316
6332
6332
6339
6340
6350
6352
6364
6364
6375
6381
6397
6413
6439
6446
6455
6463
6465
6485
6492
6495
6496
6510
6521
6549
6551
6562
6564
6564
6593
6601
6603
6603
6614
6620
6650
6669
6678
6698
6700
6701
6703
6736
6754
6756
6772
6775
6776
6794
6802
6813
6816
6818
6818
6831
6838
6850
6859
6861
6866
6867
6871
6874
6878
6908
6920
6938
6943
6953
6954
6979
6985
6987
6987
6989
7010
7033
7050
7058
7088
7094
7114
7139
7143
7148
7149
7152
7158
7172
7178
7191
7197
7201
7216
7229
7238
7239
7251
7251
7257
7257
7259
7265
7271
7272
7280
7281
7287
7295
7296
7300
7318
7332
7351
7363
7367
7374
7380
7383
7394
7395
7403
7403
7438
7446
7458
7460
7468
7496
7500
7506
7507
7509
7509
7510
7529
7532
7533
7540
7542
7555
7573
7575
7598
7635
7636
7636
7654
7655
7657
7666
7692
7712
7729
7738
7763
7771
7780
7783
7807
7811
7841
7847
7859
7861
7864
7865
7876
7877
7883
7892
7894
7897
7905
7912
7915
7930
7931
7933
7942
7951
7955
7960
7968
7974
7976
7987
8004
8035
8037
8037
8050
8067
8077
8080
8084
8084
8085
8091
8094
8100
8102
8105
8105
8108
8116
8137
8139
8159
8172
8179
8181
8185
8191
8192
8207
8225
8248
8250
8263
8267
8273
8276
8281
8295
8300
8311
8315
8320
8320
8322
8322
8334
8342
8370
8371
8375
8382
8390
8393
8396
8399
8425
8433
8437
8438
8453
8458
8474
8475
8494
8506
8508
8536
8546
8559
8559
8595
8603
8619
8625
8637
8659
8659
8668
8690
8691
8693
8696
8698
8702
8724
8729
8734
8739
8749
8756
8763
8771
8783
8828
8831
8835
8846
8865
8865
8877
8879
8885
8885
8901
8924
8945
8952
8955
8956
8959
8965
8993
8999
9013
9017
9030
9032
9033
9035
9042
9042
9048
9071
9078
9084
9086
9121
9123
9126
9139
9142
9160
9160
9168
9188
9202
9208
9211
9216
9238
9244
9252
9253
9289
9303
9304
9312
9313
9321
9322
9324
9330
9337
9341
9342
9343
9346
9348
9351
9373
9374
9374
9374
9382
9396
9399
9400
9407
9408
9415
9416
9420
9426
9449
9453
9459
9461
9475
9477
9499
9506
9514
9518
9521
9522
9532
9534
9544
9551
9552
9554
9555
9556
9564
9578
9605
9606
9606
9623
9636
9642
9663
9669
9671
9676
9678
9687
9700
9720
9738
9738
9766
9770
9771
9794
9810
9814
9823
9835
9857
9860
9866
9878
9884
9888
9889
9915
9933
9936
9959
9960
9975
9981
9982
9982
9994
10009
10018
10020
10048
10049
10051
10062
10078
10083
10088
10096
10097
10118
10138
10141
10141
10161
10165
10173
10180
10183
10191
10199
10206
10214
10214
10221
10221
10244
10245
10251
10256
10271
10282
10285
10286
10291
10301
10303
10307
10315
10316
10326
10334
10342
10347
10353
10361
10390
10394
10407
10418
10430
10437
10461
10463
10465
10477
10478
10496
10499
10503
10504
10505
10512
10531
10536
10536
10557
10562
10577
10610
10621
10631
10637
10640
10645
10651
10664
10666
10676
10688
10693
10695
10696
10700
10701
10711
10713
10721
10726
10732
10741
10764
10768
10798
10802
10817
10823
10833
10847
10848
10854
10863
10864
10867
10878
10879
10881
10881
10884
10891
10904
10908
10921
10932
10935
10939
10941
10943
10947
10957
10967
10971
10971
10977
10990
10997
11002
11006
11008
11011
11012
11013
11018
11021
11025
11035
11056
11057
11078
11088
11105
11107
11113
11114
11128
11129
11140
11155
11159
11160
11160
11168
11170
11173
11181
11191
11192
11200
11207
11243
11246
11248
11249
11250
11250
11252
11262
11264
11274
11283
11286
11299
11309
11310
11320
11321
11323
11325
11326
11331
11334
11340
11343
11345
11350
11359
11360
11362
11364
11364
11404
11409
11424
11458
11458
11464
11466
11473
11488
11500
11503
11505
11507
11522
11533
11535
11539
11544
11549
11561
11577
11580
11591
11601
11607
11609
11615
11617
11617
11636
11645
11646
11661
11673
11680
11685
11711
11714
11714
11721
11730
11734
11746
11748
11763
11767
11783
11800
11803
11807
11831
11834
11840
11844
11854
11856
11862
11883
11884
11886
11887
11895
11905
11906
11911
11912
11920
11928
11929
11934
11936
11938
11955
11964
11968
11980
11983
11984
11991
11997
12003
12008
12010
12039
12042
12048
12048
12052
12070
12070
12122
12124
12127
12145
12153
12154
12174
12175
12201
12209
12221
12234
12242
12266
12267
12279
12292
12293
12296
12297
12299
12304
12314
12316
12317
12326
12335
12337
12352
12360
12377
12396
12410
12413
12415
12425
12433
12433
12447
12461
12468
12475
12475
12478
12483
12487
12522
12528
12532
12558
12567
12567
12574
12601
12602
12604
12613
12624
12646
12649
12650
12651
12670
12700
12703
12707
12708
12712
12712
12726
12754
12776
12778
12790
12796
12796
12798
12800
12810
12813
12819
12826
12828
12834
12839
12856
12858
12859
12882
12886
12897
12901
12901
12903
12906
12940
12945
12956
12964
12974
12982
12993
13041
13046
13047
13069
13070
13077
13078
13079
13081
13083
13103
13113
13115
13122
13123
13125
13133
13140
13160
13161
13175
13182
13194
13197
13200
13203
13224
13228
13230
13233
13249
13250
13271
13279
13294
13298
13309
13320
13336
13351
13356
13361
13367
13369
13382
13382
13384
13385
13391
13403
13404
13406
13414
13414
13424
13426
13427
13432
13443
13444
13457
13473
13475
13484
13487
13488
13499
13500
13516
13542
13545
13547
13548
13570
13574
13605
13625
13629
13631
13637
13640
13648
13654
13687
13689
13691
13701
13701
13703
13713
13717
13722
13726
13731
13742
13750
13762
13765
13766
13777
13791
13798
13799
13803
13807
13815
13826
13840
13858
13880
13900
13905
13905
13909
13911
13917
13925
13927
13941
13942
13965
13982
13987
14004
14012
14038
14042
14049
14050
14055
14061
14073
14077
14095
14109
14112
14117
14136
14153
14158
14166
14169
14173
14179
14185
14194
14208
14210
14212
14219
14224
14243
14262
14269
14271
14277
14282
14285
14292
14300
14311
14328
14333
14333
14336
14341
14361
14367
14369
14376
14389
14404
14410
14424
14439
14448
14453
14454
14473
14473
14476
14492
14500
14506
14508
14531
14538
14543
14560
14571
14577
14596
14609
14617
14649
14651
14695
14707
14746
14748
14753
14767
14771
14773
14782
14798
14801
14810
14816
14817
14828
14837
14840
14846
14852
14874
14911
14914
14930
14931
14933
14944
14953
14956
14969
14988
15002
15012
15013
15030
15048
15052
15053
15056
15058
15063
15067
15070
15070
15073
15083
15094
15102
15110
15115
15116
15118
15122
15140
15156
15173
15174
15192
15193
15195
15199
15200
15204
15211
15212
15240
15242
15252
15270
15277
15285
15308
15311
15327
15336
15343
15355
15358
15380
15389
15398
15452
15452
15452
15463
15483
15487
15495
15495
15500
15507
15510
15512
15513
15515
15539
15544
15545
15555
15564
15570
15578
15589
15597
15602
15616
15627
15627
15629
15634
15638
15641
15645
15652
15658
15661
15662
15669
15690
15700
15706
15740
15743
15747
15771
15772
15783
15784
15785
15791
15795
15805
15809
15812
15813
15824
15843
15845
15846
15850
15857
15890
15919
15940
15940
15947
15960
15962
15963
15973
15991
15997
16029
16035
16044
16050
16055
16078
16079
16112
16119
16124
16134
16145
16159
16159
16161
16176
16177
16187
16190
16222
16228
16242
16244
16248
16256
16262
16272
16273
16283
16312
16312
16324
16331
16336
16338
16338
16339
16341
16361
16386
16390
16390
16394
16427
16433
16441
16442
16467
16484
16488
16526
16533
16536
16551
16558
16578
16578
16579
16593
16595
16607
16609
16613
16618
16622
16637
16648
16674
16683
16688
16689
16711
16713
16728
16730
16742
16743
16768
16772
16780
16787
16787
16794
16799
16828
16835
16843
16862
16873
16874
16882
16889
16895
16896
16896
16899
16911
16917
16931
16939
16940
16950
16957
16960
16960
16962
16963
16965
16969
16976
16979
16980
16983
17020
17020
17021
17046
17046
17047
17049
17062
17065
17069
17081
17110
17114
17125
17125
17129
17188
17200
17210
17218
17220
17227
17242
17245
17256
17271
17274
17277
17280
17287
17293
17293
17299
17316
17325
17328
17338
17340
17360
17365
17372
17373
17373
17374
17378
17382
17384
17384
17399
17405
17405
17415
17415
17417
17424
17425
17427
17439
17448
17455
17466
17468
17468
17475
17491
17500
17505
17529
17532
17539
17547
17549
17554
17556
17575
17577
17599
17609
17619
17621
17638
17656
17659
17685
17686
17692
17702
17705
17710
17719
17726
17734
17738
17754
17774
17780
17785
17797
17798
17799
17810
17814
17821
17833
17845
17874
17880
17888
17890
17909
17929
17934
17935
17939
17942
17949
17958
17965
17968
17980
17982
17982
17984
17996
18004
18017
18018
18020
18042
18060
18077
18082
18091
18097
18103
18107
18112
18112
18121
18122
18122
18129
18138
18151
18153
18169
18175
18178
18179
18180
18187
18193
18197
18208
18212
18217
18227
18230
18232
18234
18238
18240
18242
18250
18251
18261
18283
18286
18299
18301
18314
18314
18325
18341
18365
18370
18372
18390
18390
18395
18399
18407
18429
18437
18455
18480
18490
18493
18494
18500
18528
18542
18564
18569
18570
18578
18582
18595
18596
18597
18597
18603
18606
18615
18625
18637
18646
18647
18661
18690
18697
18712
18716
18725
18728
18728
18765
18766
18774
18781
18781
18783
18784
18787
18790
18790
18794
18801
18816
18822
18824
18832
18845
18848
18859
18863
18870
18880
18887
18889
18889
18894
18906
18912
18923
18923
18938
18943
18948
18952
18956
18960
18967
18978
18993
18993
18998
19001
19026
19031
19032
19032
19033
19033
19039
19052
19055
19066
19067
19071
19073
19080
19092
19097
19102
19108
19111
19111
19115
19141
19167
19169
19177
19178
19181
19186
19205
19212
19213
19222
19225
19227
19233
19238
19240
19243
19244
19248
19254
19257
19269
19271
19275
19293
19294
19294
19311
19314
19314
19321
19326
19331
19337
19337
19360
19361
19385
19390
19398
19399
19411
19414
19423
19426
19430
19438
19438
19451
19462
19480
19488
19488
19501
19507
19527
19533
19535
19541
19558
19574
19577
19590
19596
19621
19633
19635
19636
19637
19638
19662
19667
19670
19674
19684
19690
19703
19711
19712
19723
19733
19738
19750
19751
19767
19767
19771
19772
19793
19793
19800
19801
19817
19818
19824
19835
19841
19844
19845
19852
19859
19865
19866
19869
19882
19885
19913
19921
19921
19925
19940
19948
19950
19952
19980
19989
20007
20009
20012
20016
20021
20023
20026
20028
20038
20045
20062
20085
20087
20091
20116
20117
20123
20128
20137
20150
20158
20168
20170
20171
20175
20198
20201
20213
20224
20234
20234
20261
20288
20299
20309
20315
20342
20348
20350
20354
20355
20368
20380
20383
20390
20427
20430
20440
20443
20451
20462
20474
20476
20503
20507
20508
20517
20527
20528
20549
20563
20570
20574
20576
20588
20596
20605
20620
20629
20632
20634
20643
20656
20656
20665
20669
20670
20690
20692
20701
20704
20713
20728
20730
20736
20737
20744
20747
20748
20753
20780
20801
20815
20830
20839
20840
20851
20853
20856
20866
20875
20887
20890
20891
20907
20912
20919
20923
20927
20937
20947
20963
20969
20975
20979
20986
20990
21008
21015
21027
21048
21053
21057
21066
21068
21073
21073
21093
21097
21122
21129
21132
21137
21147
21165
21167
21169
21183
21188
21190
21192
21197
21211
21214
21221
21226
21230
21241
21256
21263
21265
21273
21281
21282
21289
21289
21296
21320
21320
21330
21333
21334
21339
21344
21361
21364
21367
21368
21370
21371
21376
21388
21407
21411
21456
21459
21463
21464
21468
21483
21484
21496
21501
21516
21521
21532
21534
21543
21544
21547
21586
21590
21593
21601
21605
21610
21612
21640
21644
21655
21662
21684
21691
21693
21695
21706
21724
21724
21734
21735
21754
21782
21788
21790
21809
21813
21815
21815
21821
21826
21826
21850
21881
21893
21902
21903
21912
21936
21936
21962
21968
21969
21998
22001
22003
22005
22011
22013
22020
22020
22033
22043
22046
22051
22054
22054
22058
22064
22065
22065
22069
22072
22076
22079
22090
22095
22114
22117
22126
22127
22130
22132
22146
22150
22160
22166
22171
22213
22221
22221
22230
22238
22240
22256
22262
22262
22277
22280
22295
22314
22319
22321
22324
22324
22330
22333
22334
22342
22343
22344
22357
22359
22389
22392
22396
22407
22412
22413
22431
22462
22478
22494
22499
22500
22506
22515
22519
22524
22534
22538
22550
22567
22568
22569
22574
22574
22575
22576
22580
22590
22595
22596
22600
22607
22626
22631
22636
22637
22642
22646
22659
22676
22691
22709
22721
22736
22746
22747
22750
22751
22766
22779
22781
22787
22809
22811
22815
22818
22827
22829
22856
22871
22871
22872
22877
22893
22900
22928
22929
22933
22933
22938
22939
22946
22949
22958
22959
22970
22977
22978
22980
22981
22981
22984
22988
22992
22994
23005
23008
23021
23027
23054
23056
23061
23081
23088
23120
23121
23123
23123
23125
23135
23153
23158
23163
23176
23191
23210
23212
23213
23214
23216
23220
23231
23235
23247
23250
23254
23261
23276
23283
23286
23297
23297
23300
23305
23308
23313
23313
23316
23326
23326
23338
23339
23340
23360
23366
23366
23366
23376
23396
23397
23406
23411
23414
23427
23434
23437
23444
23452
23453
23479
23481
23504
23526
23535
23540
23548
23549
23583
23586
23592
23592
23594
23600
23606
23631
23633
23639
23639
23658
23666
23667
23671
23672
23677
23679
23685
23688
23711
23728
23733
23739
23747
23751
23758
23760
23764
23771
23777
23778
23789
23790
23797
23806
23816
23820
23821
23859
23871
23874
23883
23888
23893
23894
23903
23905
23913
23919
23947
23961
23962
23963
23966
23976
23979
23982
23990
23999
24002
24006
24008
24020
24046
24048
24052
24055
24066
24085
24111
24114
24118
24131
24135
24146
24146
24164
24175
24186
24205
24210
24214
24221
24228
24232
24233
24237
24244
24253
24260
24261
24261
24262
24272
24276
24297
24299
24303
24307
24308
24314
24315
24330
24347
24365
24369
24371
24388
24388
24391
24394
24411
24417
24418
24420
24424
24428
24429
24434
24441
24445
24453
24454
24458
24473
24478
24486
24517
24551
24553
24555
24571
24585
24588
24590
24596
24599
24599
24602
24619
24622
24641
24641
24656
24657
24675
24680
24715
24715
24716
24732
24742
24750
24752
24781
24794
24818
24820
24835
24840
24840
24842
24844
24861
24889
24891
24896
24896
24897
24918
24918
24924
24933
24954
24954
24966
24978
24990
25022
25036
25048
25052
25065
25067
25084
25113
25128
25129
25145
25149
25149
25149
25151
25151
25152
25152
25158
25160
25174
25174
25176
25176
25182
25196
25202
25203
25206
25210
25217
25217
25222
25236
25240
25246
25246
25249
25257
25263
25283
25301
25343
25346
25360
25365
25369
25376
25386
25393
25399
25417
25426
25426
25427
25474
25477
25479
25479
25486
25513
25538
25538
25542
25550
25563
25568
25575
25583
25584
25598
25610
25617
25623
25624
25628
25660
25675
25684
25687
25691
25691
25704
25746
25746
25752
25761
25761
25766
25767
25768
25772
25794
25796
25799
25800
25805
25809
25812
25817
25818
25835
25852
25855
25860
25861
25862
25863
25905
25915
25920
25924
25925
25926
25943
25945
25948
25952
25959
25968
25998
26017
26018
26034
26034
26037
26038
26051
26053
26066
26067
26069
26086
26089
26093
26103
26128
26133
26138
26151
26167
26168
26187
26206
26211
26223
26251
26253
26257
26265
26269
26276
26278
26280
26283
26292
26320
26334
26338
26347
26358
26369
26376
26412
26417
26422
26431
26435
26440
26449
26453
26453
26463
26465
26465
26474
26481
26490
26493
26501
26504
26511
26517
26533
26545
26547
26572
26573
26578
26606
26627
26636
26664
26694
26733
26752
26753
26761
26777
26780
26786
26791
26801
26801
26807
26807
26808
26817
26819
26826
26841
26847
26850
26853
26865
26878
26887
26892
26896
26904
26922
26935
26938
26940
26940
26941
26956
26967
26978
26983
26991
26991
26992
26995
27012
27015
27015
27036
27041
27045
27047
27048
27061
27087
27094
27094
27097
27097
27099
27107
27109
27110
27112
27122
27130
27152
27168
27169
27171
27172
27185
27185
27191
27199
27202
27238
27247
27248
27250
27255
27258
27261
27268
27280
27283
27283
27285
27288
27296
27304
27307
27310
27341
27342
27356
27365
27397
27399
27399
27412
27440
27447
27448
27472
27479
27482
27485
27492
27508
27528
27535
27556
27563
27573
27576
27579
27585
27586
27610
27617
27625
27628
27633
27673
27678
27688
27694
27699
27710
27726
27728
27733
27734
27734
27738
27740
27747
27754
27765
27770
27772
27778
27783
27793
27834
27842
27850
27853
27874
27886
27887
27888
27897
27899
27905
27912
27914
27923
27925
27944
27945
27950
27951
27964
27970
27972
27973
27976
27977
27978
27988
27991
28001
28003
28004
28009
28028
28032
28037
28038
28040
28042
28047
28053
28070
28071
28075
28083
28090
28111
28113
28115
28128
28138
28152
28154
28159
28168
28188
28192
28200
28211
28228
28234
28236
28248
28266
28273
28277
28280
28284
28290
28291
28292
28296
28304
28308
28311
28317
28319
28327
28333
28337
28346
28360
28368
28371
28372
28373
28374
28379
28381
28387
28393
28400
28401
28406
28413
28428
28449
28452
28461
28481
28518
28522
28528
28537
28540
28540
28545
28545
28545
28549
28558
28562
28575
28576
28584
28592
28595
28609
28610
28630
28639
28667
28677
28680
28681
28690
28694
28712
28713
28714
28718
28721
28722
28729
28740
28744
28748
28752
28755
28757
28762
28776
28777
28781
28781
28789
28800
28801
28805
28836
28841
28869
28869
28875
28908
28925
28929
28931
28936
28942
28942
28943
28949
28951
28954
28982
28984
28984
28985
28992
28995
29002
29002
29007
29016
29017
29026
29033
29034
29054
29054
29055
29063
29071
29078
29080
29081
29082
29082
29082
29083
29085
29086
29126
29137
29144
29149
29163
29169
29174
29183
29183
29185
29203
29216
29223
29228
29229
29229
29232
29239
29251
29256
29262
29273
29289
29324
29329
29334
29340
29344
29353
29357
29362
29381
29385
29404
29410
29413
29424
29427
29430
29442
29447
29463
29473
29482
29487
29511
29515
29537
29569
29577
29578
29591
29594
29595
29598
29608
29627
29641
29660
29685
29687
29690
29694
29710
29726
29732
29733
29746
29747
29761
29768
29772
29772
29773
29785
29804
29848
29865
29872
29891
29895
29900
29904
29909
29911
29919
29936
29964
29974
29980
29985
29990
29992
29997
29999
30000
30004
30007
30015
30040
30052
30052
30060
30061
30062
30065
30071
30074
30076
30081
30086
30088
30109
30109
30110
30114
30114
30114
30119
30120
30129
30160
30161
30164
30185
30185
30198
30198
30206
30208
30219
30226
30234
30237
30245
30249
30250
30274
30281
30288
30307
30311
30319
30324
30326
30336
30339
30349
30360
30365
30373
30391
30394
30403
30421
30438
30442
30446
30447
30465
30474
30476
30489
30490
30500
30504
30520
30525
30529
30533
30535
30535
30537
30538
30583
30589
30594
30595
30603
30618
30618
30636
30647
30655
30663
30670
30695
30696
30702
30704
30728
30741
30746
30750
30752
30753
30763
30765
30767
30769
30782
30796
30803
30804
30807
30807
30814
30827
30829
30839
30852
30873
30888
30890
30907
30908
30912
30945
30947
30955
30962
30992
30997
31000
31003
31012
31026
31037
31057
31059
31061
31063
31066
31068
31082
31098
31116
31134
31139
31147
31150
31163
31170
31171
31174
31179
31182
31208
31216
31228
31251
31261
31269
31270
31273
31277
31282
31282
31288
31288
31293
31296
31301
31317
31319
31349
31351
31354
31357
31369
31371
31379
31380
31381
31384
31393
31397
31401
31402
31404
31409
31426
31448
31481
31498
31506
31524
31554
31563
31568
31574
31576
31584
31592
31594
31602
31603
31603
31604
31614
31614
31615
31615
31616
31618
31619
31619
31622
31630
31639
31643
31647
31654
31662
31663
31677
31682
31684
31692
31694
31695
31695
31712
31721
31722
31724
31739
31740
31746
31746
31752
31757
31774
31778
31782
31783
31792
31797
31808
31815
31817
31819
31822
31823
31829
31830
31839
31857
31858
31859
31871
31887
31894
31897
31900
31910
31911
31912
31931
31941
31958
31960
31962
31968
31973
31984
31987
31997
32001
32003
32010
32022
32028
32031
32034
32036
32049
32075
32075
32076
32077
32082
32084
32094
32100
32102
32104
32105
32109
32120
32137
32151
32155
32157
32161
32162
32188
32194
32235
32241
32245
32260
32261
32264
32265
32267
32279
32292
32301
32304
32305
32312
32313
32322
32338
32339
32340
32345
32346
32353
32375
32382
32402
32417
32441
32443
32488
32494
32498
32506
32507
32517
32522
32534
32544
32549
32550
32594
32606
32611
32615
32617
32620
32620
32625
32644
32664
32665
32672
32725
32727
32733
32737
32748
32751
32759
